53 306 102
0 -1.000000 -1.000000 1.000000
1 -1.000000 -1.000000 1.000000
2 -1.000000 -1.000000 1.000000
3 -1.000000 -1.000000 1.000000
4 -1.000000 -1.000000 1.000000
5 -1.000000 -1.000000 1.000000
6 -1.000000 -1.000000 1.000000
7 -1.000000 -1.000000 1.000000
8 -1.000000 -1.000000 1.000000
9 -1.000000 -1.000000 1.000000
10 -1.000000 -1.000000 1.000000
11 -1.000000 -1.000000 1.000000
12 0.000000 0.000000 1.000000
13 -1.000000 -1.000000 1.000000
14 -1.000000 -1.000000 1.000000
15 -1.000000 -1.000000 1.000000
16 -1.000000 -1.000000 1.000000
17 -1.000000 -1.000000 1.000000
18 -1.000000 -1.000000 1.000000
19 -1.000000 -1.000000 1.000000
20 -1.000000 -1.000000 1.000000
21 -1.000000 -1.000000 1.000000
22 -1.000000 -1.000000 1.000000
23 -1.000000 -1.000000 1.000000
24 -1.000000 -1.000000 1.000000
25 -1.000000 -1.000000 1.000000
26 -1.000000 -1.000000 1.000000
27 -1.000000 -1.000000 1.000000
28 -1.000000 -1.000000 1.000000
29 -1.000000 -1.000000 1.000000
30 -1.000000 -1.000000 1.000000
31 -1.000000 -1.000000 1.000000
32 -1.000000 -1.000000 1.000000
33 -1.000000 -1.000000 1.000000
34 -1.000000 -1.000000 1.000000
35 1000.000000 0.000000 1.000000
36 -1.000000 -1.000000 1.000000
37 -1.000000 -1.000000 1.000000
38 -1.000000 -1.000000 1.000000
39 -1.000000 -1.000000 1.000000
40 -1.000000 -1.000000 1.000000
41 -1.000000 -1.000000 1.000000
42 -1.000000 -1.000000 1.000000
43 -1.000000 -1.000000 1.000000
44 -1.000000 -1.000000 1.000000
45 -1.000000 -1.000000 1.000000
46 -1.000000 -1.000000 1.000000
47 -1.000000 -1.000000 1.000000
48 -1.000000 -1.000000 1.000000
49 0.000000 1000.000000 1.000000
50 -1.000000 -1.000000 1.000000
51 -1.000000 -1.000000 1.000000
52 -1.000000 -1.000000 1.000000
0 145 0 21 0.000000 0.000000
1 140 0 20 0.000000 0.000000
2 155 0 23 0.000000 0.000000
3 264 0 45 0.000000 0.000000
4 178 0 27 0.000000 0.000000
5 61 0 7 0.000000 0.000000
6 202 0 33 0.000000 0.000000
7 251 0 42 0.000000 0.000000
8 85 0 12 0.000000 0.000000
9 41 1 3 0.000000 0.000000
10 136 1 19 0.000000 0.000000
11 233 1 38 0.000000 0.000000
12 286 1 49 0.000000 0.000000
13 24 1 2 0.000000 0.000000
14 244 1 41 0.000000 0.000000
15 54 1 5 0.000000 0.000000
16 93 1 12 0.000000 0.000000
17 166 1 24 0.000000 0.000000
18 169 1 25 0.000000 0.000000
19 163 1 23 0.000000 0.000000
20 181 1 28 0.000000 0.000000
21 188 1 31 0.000000 0.000000
22 66 1 9 0.000000 0.000000
23 111 1 14 0.000000 0.000000
24 13 2 1 0.000000 0.000000
25 285 2 49 0.000000 0.000000
26 132 2 18 0.000000 0.000000
27 256 2 44 0.000000 0.000000
28 96 2 12 0.000000 0.000000
29 58 2 6 0.000000 0.000000
30 51 2 5 0.000000 0.000000
31 245 2 41 0.000000 0.000000
32 77 3 12 0.000000 0.000000
33 224 3 35 0.000000 0.000000
34 183 3 29 0.000000 0.000000
35 254 3 43 0.000000 0.000000
36 229 3 37 0.000000 0.000000
37 293 3 49 0.000000 0.000000
38 296 3 50 0.000000 0.000000
39 117 3 16 0.000000 0.000000
40 137 3 19 0.000000 0.000000
41 9 3 1 0.000000 0.000000
42 110 3 14 0.000000 0.000000
43 196 3 31 0.000000 0.000000
44 88 4 12 0.000000 0.000000
45 114 4 15 0.000000 0.000000
46 248 4 42 0.000000 0.000000
47 225 4 36 0.000000 0.000000
48 279 4 48 0.000000 0.000000
49 187 4 30 0.000000 0.000000
50 209 4 33 0.000000 0.000000
51 30 5 2 0.000000 0.000000
52 57 5 6 0.000000 0.000000
53 94 5 12 0.000000 0.000000
54 15 5 1 0.000000 0.000000
55 243 5 41 0.000000 0.000000
56 95 6 12 0.000000 0.000000
57 52 6 5 0.000000 0.000000
58 29 6 2 0.000000 0.000000
59 177 7 27 0.000000 0.000000
60 203 7 33 0.000000 0.000000
61 5 7 0 0.000000 0.000000
62 206 8 33 0.000000 0.000000
63 261 8 45 0.000000 0.000000
64 153 8 23 0.000000 0.000000
65 112 9 14 0.000000 0.000000
66 22 9 1 0.000000 0.000000
67 198 9 31 0.000000 0.000000
68 268 10 46 0.000000 0.000000
69 218 10 35 0.000000 0.000000
70 103 10 12 0.000000 0.000000
71 150 10 22 0.000000 0.000000
72 104 10 13 0.000000 0.000000
73 107 11 13 0.000000 0.000000
74 100 11 12 0.000000 0.000000
75 270 11 46 0.000000 0.000000
76 217 12 35 1.000000 1.000000
77 32 12 3 0.000000 0.000000
78 195 12 31 0.000000 0.000000
79 215 12 34 0.000000 0.000000
80 273 12 47 0.000000 0.000000
81 240 12 40 0.000000 0.000000
82 127 12 17 0.000000 0.000000
83 200 12 32 0.000000 0.000000
84 146 12 21 0.000000 0.000000
85 8 12 0 0.000000 0.000000
86 250 12 42 0.000000 0.000000
87 115 12 15 0.000000 0.000000
88 44 12 4 0.000000 0.000000
89 208 12 33 0.000000 0.000000
90 151 12 23 0.000000 0.000000
91 171 12 25 0.000000 0.000000
92 167 12 24 0.000000 0.000000
93 16 12 1 0.000000 0.000000
94 53 12 5 0.000000 0.000000
95 56 12 6 0.000000 0.000000
96 28 12 2 0.000000 0.000000
97 259 12 44 0.000000 0.000000
98 282 12 49 1.000000 1.000000
99 265 12 46 0.000000 0.000000
100 74 12 11 0.000000 0.000000
101 106 12 13 0.000000 0.000000
102 148 12 22 0.000000 0.000000
103 70 12 10 0.000000 0.000000
104 72 13 10 0.000000 0.000000
105 149 13 22 0.000000 0.000000
106 101 13 12 0.000000 0.000000
107 73 13 11 0.000000 0.000000
108 269 13 46 0.000000 0.000000
109 197 14 31 0.000000 0.000000
110 42 14 3 0.000000 0.000000
111 23 14 1 0.000000 0.000000
112 65 14 9 0.000000 0.000000
113 249 15 42 0.000000 0.000000
114 45 15 4 0.000000 0.000000
115 87 15 12 0.000000 0.000000
116 138 16 19 0.000000 0.000000
117 39 16 3 0.000000 0.000000
118 295 16 50 0.000000 0.000000
119 239 16 39 0.000000 0.000000
120 290 16 49 0.000000 0.000000
121 192 17 31 0.000000 0.000000
122 304 17 52 0.000000 0.000000
123 299 17 51 0.000000 0.000000
124 158 17 23 0.000000 0.000000
125 142 17 21 0.000000 0.000000
126 201 17 32 0.000000 0.000000
127 82 17 12 0.000000 0.000000
128 242 17 40 0.000000 0.000000
129 271 17 47 0.000000 0.000000
130 284 18 49 0.000000 0.000000
131 257 18 44 0.000000 0.000000
132 26 18 2 0.000000 0.000000
133 289 19 49 0.000000 0.000000
134 173 19 26 0.000000 0.000000
135 234 19 38 0.000000 0.000000
136 10 19 1 0.000000 0.000000
137 40 19 3 0.000000 0.000000
138 116 19 16 0.000000 0.000000
139 156 20 23 0.000000 0.000000
140 1 20 0 0.000000 0.000000
141 144 20 21 0.000000 0.000000
142 125 21 17 0.000000 0.000000
143 157 21 23 0.000000 0.000000
144 141 21 20 0.000000 0.000000
145 0 21 0 0.000000 0.000000
146 84 21 12 0.000000 0.000000
147 199 21 32 0.000000 0.000000
148 102 22 12 0.000000 0.000000
149 105 22 13 0.000000 0.000000
150 71 22 10 0.000000 0.000000
151 90 23 12 0.000000 0.000000
152 207 23 33 0.000000 0.000000
153 64 23 8 0.000000 0.000000
154 260 23 45 0.000000 0.000000
155 2 23 0 0.000000 0.000000
156 139 23 20 0.000000 0.000000
157 143 23 21 0.000000 0.000000
158 124 23 17 0.000000 0.000000
159 301 23 51 0.000000 0.000000
160 302 23 52 0.000000 0.000000
161 190 23 31 0.000000 0.000000
162 179 23 28 0.000000 0.000000
163 19 23 1 0.000000 0.000000
164 168 23 25 0.000000 0.000000
165 170 24 25 0.000000 0.000000
166 17 24 1 0.000000 0.000000
167 92 24 12 0.000000 0.000000
168 164 25 23 0.000000 0.000000
169 18 25 1 0.000000 0.000000
170 165 25 24 0.000000 0.000000
171 91 25 12 0.000000 0.000000
172 235 26 38 0.000000 0.000000
173 134 26 19 0.000000 0.000000
174 288 26 49 0.000000 0.000000
175 263 27 45 0.000000 0.000000
176 204 27 33 0.000000 0.000000
177 59 27 7 0.000000 0.000000
178 4 27 0 0.000000 0.000000
179 162 28 23 0.000000 0.000000
180 189 28 31 0.000000 0.000000
181 20 28 1 0.000000 0.000000
182 255 29 43 0.000000 0.000000
183 34 29 3 0.000000 0.000000
184 223 29 35 0.000000 0.000000
185 278 30 48 0.000000 0.000000
186 210 30 33 0.000000 0.000000
187 49 30 4 0.000000 0.000000
188 21 31 1 0.000000 0.000000
189 180 31 28 0.000000 0.000000
190 161 31 23 0.000000 0.000000
191 305 31 52 0.000000 0.000000
192 121 31 17 0.000000 0.000000
193 275 31 47 0.000000 0.000000
194 216 31 34 0.000000 0.000000
195 78 31 12 0.000000 0.000000
196 43 31 3 0.000000 0.000000
197 109 31 14 0.000000 0.000000
198 67 31 9 0.000000 0.000000
199 147 32 21 0.000000 0.000000
200 83 32 12 0.000000 0.000000
201 126 32 17 0.000000 0.000000
202 6 33 0 0.000000 0.000000
203 60 33 7 0.000000 0.000000
204 176 33 27 0.000000 0.000000
205 262 33 45 0.000000 0.000000
206 62 33 8 0.000000 0.000000
207 152 33 23 0.000000 0.000000
208 89 33 12 0.000000 0.000000
209 50 33 4 0.000000 0.000000
210 186 33 30 0.000000 0.000000
211 277 33 48 0.000000 0.000000
212 227 33 36 0.000000 0.000000
213 246 33 42 0.000000 0.000000
214 274 34 47 0.000000 0.000000
215 79 34 12 0.000000 0.000000
216 194 34 31 0.000000 0.000000
217 76 35 12 1.000000 1.000000
218 69 35 10 0.000000 0.000000
219 267 35 46 0.000000 0.000000
220 280 35 49 1.000000 1.000000
221 231 35 37 0.000000 0.000000
222 252 35 43 0.000000 0.000000
223 184 35 29 0.000000 0.000000
224 33 35 3 0.000000 0.000000
225 47 36 4 0.000000 0.000000
226 247 36 42 0.000000 0.000000
227 212 36 33 0.000000 0.000000
228 276 36 48 0.000000 0.000000
229 36 37 3 0.000000 0.000000
230 253 37 43 0.000000 0.000000
231 221 37 35 0.000000 0.000000
232 294 37 49 0.000000 0.000000
233 11 38 1 0.000000 0.000000
234 135 38 19 0.000000 0.000000
235 172 38 26 0.000000 0.000000
236 287 38 49 0.000000 0.000000
237 298 39 50 0.000000 0.000000
238 291 39 49 0.000000 0.000000
239 119 39 16 0.000000 0.000000
240 81 40 12 0.000000 0.000000
241 272 40 47 0.000000 0.000000
242 128 40 17 0.000000 0.000000
243 55 41 5 0.000000 0.000000
244 14 41 1 0.000000 0.000000
245 31 41 2 0.000000 0.000000
246 213 42 33 0.000000 0.000000
247 226 42 36 0.000000 0.000000
248 46 42 4 0.000000 0.000000
249 113 42 15 0.000000 0.000000
250 86 42 12 0.000000 0.000000
251 7 42 0 0.000000 0.000000
252 222 43 35 0.000000 0.000000
253 230 43 37 0.000000 0.000000
254 35 43 3 0.000000 0.000000
255 182 43 29 0.000000 0.000000
256 27 44 2 0.000000 0.000000
257 131 44 18 0.000000 0.000000
258 283 44 49 0.000000 0.000000
259 97 44 12 0.000000 0.000000
260 154 45 23 0.000000 0.000000
261 63 45 8 0.000000 0.000000
262 205 45 33 0.000000 0.000000
263 175 45 27 0.000000 0.000000
264 3 45 0 0.000000 0.000000
265 99 46 12 0.000000 0.000000
266 281 46 49 0.000000 0.000000
267 219 46 35 0.000000 0.000000
268 68 46 10 0.000000 0.000000
269 108 46 13 0.000000 0.000000
270 75 46 11 0.000000 0.000000
271 129 47 17 0.000000 0.000000
272 241 47 40 0.000000 0.000000
273 80 47 12 0.000000 0.000000
274 214 47 34 0.000000 0.000000
275 193 47 31 0.000000 0.000000
276 228 48 36 0.000000 0.000000
277 211 48 33 0.000000 0.000000
278 185 48 30 0.000000 0.000000
279 48 48 4 0.000000 0.000000
280 220 49 35 1.000000 1.000000
281 266 49 46 0.000000 0.000000
282 98 49 12 1.000000 1.000000
283 258 49 44 0.000000 0.000000
284 130 49 18 0.000000 0.000000
285 25 49 2 0.000000 0.000000
286 12 49 1 0.000000 0.000000
287 236 49 38 0.000000 0.000000
288 174 49 26 0.000000 0.000000
289 133 49 19 0.000000 0.000000
290 120 49 16 0.000000 0.000000
291 238 49 39 0.000000 0.000000
292 297 49 50 0.000000 0.000000
293 37 49 3 0.000000 0.000000
294 232 49 37 0.000000 0.000000
295 118 50 16 0.000000 0.000000
296 38 50 3 0.000000 0.000000
297 292 50 49 0.000000 0.000000
298 237 50 39 0.000000 0.000000
299 123 51 17 0.000000 0.000000
300 303 51 52 0.000000 0.000000
301 159 51 23 0.000000 0.000000
302 160 52 23 0.000000 0.000000
303 300 52 51 0.000000 0.000000
304 122 52 17 0.000000 0.000000
305 191 52 31 0.000000 0.000000
0 3 231 222 253 -1.000000 -1.000000 1.000000
1 3 204 177 60 -1.000000 -1.000000 1.000000
2 3 130 285 26 -1.000000 -1.000000 1.000000
3 3 44 89 209 -1.000000 -1.000000 1.000000
4 3 139 157 144 -1.000000 -1.000000 1.000000
5 3 54 16 94 -1.000000 -1.000000 1.000000
6 3 227 213 247 -1.000000 -1.000000 1.000000
7 3 205 263 176 -1.000000 -1.000000 1.000000
8 3 216 195 79 -1.000000 -1.000000 1.000000
9 3 172 236 288 -1.000000 -1.000000 1.000000
10 3 35 255 183 -1.000000 -1.000000 1.000000
11 3 175 264 4 -1.000000 -1.000000 1.000000
12 3 179 163 20 -1.000000 -1.000000 1.000000
13 3 239 120 291 -1.000000 -1.000000 1.000000
14 3 80 274 215 -1.000000 -1.000000 1.000000
15 3 185 279 49 -1.000000 -1.000000 1.000000
16 3 136 11 234 -1.000000 -1.000000 1.000000
17 3 168 151 91 -1.000000 -1.000000 1.000000
18 3 0 146 85 -1.000000 -1.000000 1.000000
19 3 135 235 173 -1.000000 -1.000000 1.000000
20 3 301 160 303 -1.000000 -1.000000 1.000000
21 3 245 24 14 -1.000000 -1.000000 1.000000
22 3 260 155 3 -1.000000 -1.000000 1.000000
23 3 61 6 203 -1.000000 -1.000000 1.000000
24 3 304 123 300 -1.000000 -1.000000 1.000000
25 3 259 98 283 -1.000000 -1.000000 1.000000
26 3 271 121 193 -1.000000 -1.000000 1.000000
27 3 181 21 189 -1.000000 -1.000000 1.000000
28 3 67 188 22 -1.000000 -1.000000 1.000000
29 3 262 206 63 -1.000000 -1.000000 1.000000
30 3 106 102 149 -1.000000 -1.000000 1.000000
31 3 84 147 200 -1.000000 -1.000000 1.000000
32 3 187 50 210 -1.000000 -1.000000 1.000000
33 3 137 41 10 -1.000000 -1.000000 1.000000
34 3 148 103 71 -1.000000 -1.000000 1.000000
35 3 56 96 29 -1.000000 -1.000000 1.000000
36 3 199 142 126 -1.000000 -1.000000 1.000000
37 3 208 90 152 -1.000000 -1.000000 1.000000
38 3 211 278 186 -1.000000 -1.000000 1.000000
39 3 116 133 290 -1.000000 -1.000000 1.000000
40 3 258 284 131 -1.000000 -1.000000 1.000000
41 3 115 88 45 -1.000000 -1.000000 1.000000
42 3 40 138 117 -1.000000 -1.000000 1.000000
43 3 292 298 238 -1.000000 -1.000000 1.000000
44 3 243 51 31 -1.000000 -1.000000 1.000000
45 3 39 118 296 -1.000000 -1.000000 1.000000
46 3 46 249 114 -1.000000 -1.000000 1.000000
47 3 43 197 110 -1.000000 -1.000000 1.000000
48 3 23 112 66 -1.000000 -1.000000 1.000000
49 3 273 81 241 -1.000000 -1.000000 1.000000
50 3 132 27 257 -1.000000 -1.000000 1.000000
51 3 15 55 244 -1.000000 -1.000000 1.000000
52 3 305 192 122 -1.000000 -1.000000 1.000000
53 3 214 275 194 -1.000000 -1.000000 1.000000
54 3 111 9 42 -1.000000 -1.000000 1.000000
55 3 302 161 191 -1.000000 -1.000000 1.000000
56 3 113 250 87 -1.000000 -1.000000 1.000000
57 3 242 129 272 -1.000000 -1.000000 1.000000
58 3 104 68 269 -1.000000 -1.000000 1.000000
59 3 59 178 5 -1.000000 -1.000000 1.000000
60 3 201 127 83 -1.000000 -1.000000 1.000000
61 3 53 95 57 -1.000000 -1.000000 1.000000
62 3 58 30 52 -1.000000 -1.000000 1.000000
63 3 232 280 221 -1.000000 -1.000000 1.000000
64 3 299 124 159 -1.000000 -1.000000 1.000000
65 3 240 82 128 -1.000000 -1.000000 1.000000
66 3 62 207 153 -1.000000 -1.000000 1.000000
67 3 158 125 143 -1.000000 -1.000000 1.000000
68 3 219 268 69 -1.000000 -1.000000 1.000000
69 3 297 293 38 -1.000000 -1.000000 1.000000
70 3 70 76 218 -1.000000 -1.000000 1.000000
71 3 233 12 287 -1.000000 -1.000000 1.000000
72 3 196 32 78 -1.000000 -1.000000 1.000000
73 3 256 28 97 -1.000000 -1.000000 1.000000
74 3 248 47 226 -1.000000 -1.000000 1.000000
75 3 167 93 17 -1.000000 -1.000000 1.000000
76 3 212 228 277 -1.000000 -1.000000 1.000000
77 3 246 202 7 -1.000000 -1.000000 1.000000
78 3 18 170 166 -1.000000 -1.000000 1.000000
79 3 190 162 180 -1.000000 -1.000000 1.000000
80 3 174 289 134 -1.000000 -1.000000 1.000000
81 3 251 8 86 -1.000000 -1.000000 1.000000
82 3 19 164 169 -1.000000 -1.000000 1.000000
83 3 184 224 34 -1.000000 -1.000000 1.000000
84 3 64 154 261 -1.000000 -1.000000 1.000000
85 3 229 37 294 -1.000000 -1.000000 1.000000
86 3 150 72 105 -1.000000 -1.000000 1.000000
87 3 141 145 1 -1.000000 -1.000000 1.000000
88 3 75 265 100 -1.000000 -1.000000 1.000000
89 3 254 36 230 -1.000000 -1.000000 1.000000
90 3 73 108 270 -1.000000 -1.000000 1.000000
91 3 65 109 198 -1.000000 -1.000000 1.000000
92 3 165 171 92 -1.000000 -1.000000 1.000000
93 3 2 156 140 -1.000000 -1.000000 1.000000
94 3 237 295 119 -1.000000 -1.000000 1.000000
95 3 276 225 48 -1.000000 -1.000000 1.000000
96 3 282 99 266 333.333344 333.333344 1.000000
97 3 286 13 25 -1.000000 -1.000000 1.000000
98 3 217 77 33 333.333344 333.333344 1.000000
99 3 267 220 281 -1.000000 -1.000000 1.000000
100 3 182 252 223 -1.000000 -1.000000 1.000000
101 3 101 107 74 -1.000000 -1.000000 1.000000
