Graph Info:	./input_data/./sphere/c_8.txt	Number of Vertices	26246
Current run parameter:	use_max_degree_root = false
		Exact LCA		DistToRoot Heuristic			DistToLeaf Heuristic			Combined Heuristic
	Separator Size	Balance Ratio	Runtime (ms)	Separator Size	Balance Ratio	Runtime (ms)	Separator Size	Balance Ratio	Runtime (ms)	Separator Size	Balance Ratio	Runtime (ms)
0	6	1.39985	126.32	6	1.39985	149.72	10	1.43698	143.19	6	1.39985	162.70
1	7	1.05712	136.01	7	1.05712	175.32	11	1.03039	138.80	7	1.05712	171.23
2	6	1.00000	148.96	6	1.00000	171.32	10	1.02577	136.76	6	1.00000	175.87
3	7	1.01869	141.46	7	1.01869	166.26	11	1.00696	133.22	7	1.01869	178.84
4	7	1.01869	136.87	7	1.01869	159.49	11	1.00696	155.48	7	1.01869	163.98
5	7	1.05712	153.38	7	1.05712	145.79	12	1.41209	161.51	7	1.05712	144.59
6	6	1.00000	177.24	6	1.00000	136.94	10	1.43698	151.52	6	1.00000	151.07
7	9	1.00298	172.53	9	1.00298	136.34	14	1.06301	136.92	9	1.00298	175.12
8	8	1.02499	132.12	8	1.02499	154.36	12	1.05141	144.92	8	1.02499	166.95
9	7	1.05712	130.85	7	1.05712	152.76	12	1.41209	154.57	7	1.05712	160.30
10	6	1.00000	148.34	6	1.00000	151.21	11	1.06618	159.21	6	1.00000	151.53
11	6	1.39985	145.59	6	1.39985	163.47	10	1.43698	135.09	6	1.39985	163.79
12	8	1.02499	148.93	8	1.02499	170.96	12	1.05141	133.11	8	1.02499	182.84
13	7	1.05712	128.87	7	1.05712	157.77	12	1.00857	147.39	7	1.05712	166.10
14	6	1.00000	145.07	6	1.00000	146.35	11	1.06618	168.76	6	1.00000	143.77
15	6	1.00000	161.85	6	1.00000	140.58	11	1.06618	159.07	6	1.00000	136.51
16	9	1.00267	172.33	9	1.00267	129.74	14	1.06333	156.71	9	1.00267	158.19
17	6	1.00000	160.77	6	1.00000	143.14	10	1.02577	140.40	6	1.00000	181.83
18	8	1.02499	148.64	8	1.02499	142.49	12	1.40084	167.51	8	1.02499	149.07
19	6	1.39985	168.78	6	1.39985	150.73	7	1.99897	156.28	6	1.39985	155.14
20	7	1.05712	143.34	7	1.05712	170.10	12	1.00857	137.12	7	1.05712	181.83
21	7	1.05712	137.43	7	1.05712	162.65	12	1.00857	141.31	7	1.05712	176.75
22	8	1.00198	149.82	8	1.00198	164.14	12	1.43988	144.24	8	1.00198	168.57
23	6	1.00000	134.93	6	1.00000	163.22	10	1.43698	140.98	6	1.00000	168.04
24	8	1.00091	128.34	8	1.00091	171.95	13	1.06520	140.61	8	1.00091	158.05
25	6	1.00000	145.50	6	1.00000	164.12	10	1.02577	136.54	6	1.00000	180.12
26	9	1.00650	132.19	9	1.00650	159.84	14	1.48557	141.50	9	1.00650	175.38
27	6	1.00000	133.49	6	1.00000	160.68	11	1.06618	149.28	6	1.00000	168.00
28	7	1.00619	134.00	7	1.00619	175.05	12	1.48608	129.46	7	1.00619	170.31
29	7	1.42679	137.85	7	1.42679	157.81	11	1.46475	139.63	7	1.42679	160.51
30	8	1.39129	151.17	8	1.39129	167.27	10	1.99897	122.29	8	1.39129	168.92
31	9	1.02491	138.71	9	1.02491	166.76	13	1.05132	143.23	9	1.02491	171.76
32	6	1.39985	140.21	6	1.39985	183.31	7	1.99897	134.73	6	1.39985	176.92
33	8	1.01938	138.61	8	1.01938	173.50	12	1.00627	133.79	8	1.01938	177.60
34	6	1.00000	153.94	6	1.00000	164.93	10	1.02577	137.67	6	1.00000	156.33
35	6	1.00000	159.29	6	1.00000	138.48	10	1.02577	152.38	6	1.00000	169.68
36	6	1.00000	146.94	6	1.00000	134.70	11	1.06618	164.89	6	1.00000	136.62
37	6	1.00000	161.86	6	1.00000	151.37	11	1.06618	158.00	6	1.00000	149.07
38	6	1.00000	145.06	6	1.00000	167.62	10	1.02577	147.92	6	1.00000	147.51
39	7	1.05712	175.69	7	1.05712	144.94	11	1.08439	140.13	7	1.05712	180.18
40	6	1.00000	133.27	6	1.00000	157.26	10	1.43698	150.95	6	1.00000	168.29
41	7	1.42679	139.54	7	1.42679	170.33	9	1.99886	129.65	7	1.42679	174.66
42	6	1.00000	135.80	6	1.00000	178.04	10	1.43698	124.76	6	1.00000	157.86
43	7	1.05712	144.78	7	1.05712	162.84	12	1.00857	140.76	7	1.05712	176.34
44	6	1.00000	133.01	6	1.00000	159.44	11	1.06618	140.79	6	1.00000	169.59
45	6	1.00000	147.81	6	1.00000	140.49	10	1.43698	168.82	6	1.00000	156.63
46	7	1.05712	137.95	7	1.05712	173.29	11	1.08439	132.97	7	1.05712	171.81
47	6	1.00000	138.83	6	1.00000	170.35	11	1.06618	136.19	6	1.00000	172.25
48	8	1.02499	139.52	8	1.02499	162.93	12	1.05141	138.80	8	1.02499	192.40
49	6	1.39985	153.37	6	1.39985	131.85	10	1.43698	160.00	6	1.39985	141.39
50	6	1.00000	157.57	6	1.00000	155.65	11	1.06618	176.22	6	1.00000	161.59
51	7	1.01869	134.11	7	1.01869	167.54	12	1.04661	136.26	7	1.01869	159.14
52	6	1.00000	156.26	6	1.00000	160.32	10	1.02577	151.67	6	1.00000	159.77
53	6	1.00000	160.79	6	1.00000	144.38	10	1.43698	146.85	6	1.00000	175.45
54	6	1.00000	129.35	6	1.00000	158.93	10	1.02577	151.80	6	1.00000	158.51
55	10	1.05430	133.98	10	1.05430	163.64	14	1.08148	162.16	10	1.05430	152.48
56	7	1.01869	150.22	7	1.01869	162.02	12	1.04661	142.09	7	1.01869	162.12
57	8	1.02078	154.82	8	1.02078	143.17	13	1.46401	136.57	8	1.02078	178.71
58	7	1.05712	135.45	7	1.05712	159.11	12	1.41209	157.19	7	1.05712	161.32
59	6	1.00000	153.34	6	1.00000	146.34	10	1.43698	148.79	6	1.00000	142.59
60	8	1.05061	179.35	8	1.05061	138.93	12	1.07770	167.06	8	1.05061	135.73
61	8	1.02499	168.82	8	1.02499	131.17	12	1.00076	158.91	8	1.02499	156.79
62	6	1.00000	160.53	6	1.00000	143.23	11	1.06618	149.04	6	1.00000	160.60
63	10	1.43472	126.26	10	1.43472	151.39	14	1.47293	152.04	10	1.43472	155.74
