Graph Info:	./input_data/cylinder/symm/4.txt	Number of Vertices	3003
Current run parameter:	use_max_degree_root = false
		Exact LCA		DistToRoot Heuristic			DistToLeaf Heuristic			Combined Heuristic
	Separator Size	Balance Ratio	Runtime (ms)	Separator Size	Balance Ratio	Runtime (ms)	Separator Size	Balance Ratio	Runtime (ms)	Separator Size	Balance Ratio	Runtime (ms)
0	5	1.00133	27.43	5	1.99602	20.76	6	1.99403	19.54	6	1.99403	19.19
1	5	1.00133	44.96	5	1.99602	34.96	6	1.99403	33.29	5	1.99602	21.24
2	5	1.00133	26.77	5	1.99602	20.01	6	1.99403	17.14	6	1.99403	33.22
3	5	1.00133	48.51	5	1.99602	34.23	6	1.99403	19.62	6	1.99403	23.02
4	3	1.31409	21.39	3	1.31409	17.01	6	1.99403	16.74	3	1.31409	30.28
5	5	1.00133	56.29	5	1.99602	26.96	6	1.99403	13.04	6	1.99403	8.44
6	3	1.20705	11.52	3	1.20705	8.40	6	1.99403	7.46	3	1.20705	9.07
7	3	1.02834	9.88	3	1.02834	8.44	6	1.99403	8.31	3	1.02834	8.73
8	5	1.00133	26.99	5	1.99602	18.77	6	1.99403	18.11	6	1.99403	17.54
9	5	1.00133	31.65	5	1.99602	12.45	6	1.99403	7.74	5	1.99602	8.48
10	3	1.30345	9.59	3	1.30345	7.77	6	1.99403	7.51	3	1.30345	9.92
11	5	1.00133	15.63	5	1.99602	7.72	6	1.99403	7.22	6	1.99403	7.81
12	5	1.00133	21.03	5	1.99602	30.98	6	1.99403	18.66	6	1.99403	18.96
13	5	1.00133	29.78	5	1.99602	21.89	6	1.99403	8.41	6	1.99403	9.17
14	5	1.00133	17.28	5	1.99602	8.18	6	1.99403	7.68	6	1.99403	8.20
15	5	1.00133	15.12	5	1.99602	10.23	6	1.99403	19.22	6	1.99403	20.14
16	5	1.00133	30.51	5	1.99602	17.22	6	1.99403	16.94	6	1.99403	9.42
17	3	1.67914	10.93	3	1.67914	7.80	6	1.99403	7.28	3	1.67914	8.58
18	5	1.00133	22.18	5	1.99602	8.46	6	1.99403	9.18	6	1.99403	8.99
19	5	1.00133	27.47	5	1.99602	17.18	6	1.99403	22.54	6	1.99403	21.69
20	3	1.64380	27.44	3	1.64380	10.43	6	1.99403	7.72	3	1.64380	10.22
21	5	1.00133	15.97	5	1.99602	9.49	6	1.99403	8.58	6	1.99403	10.57
22	5	1.00133	15.38	5	1.99602	20.76	6	1.99403	19.34	6	1.99403	25.02
23	5	1.00133	29.03	5	1.99602	20.41	6	1.99403	11.75	6	1.99403	10.43
24	3	1.52393	12.11	3	1.52393	9.17	6	1.99403	8.78	3	1.52393	9.10
25	5	1.00133	13.08	5	1.99602	9.24	6	1.99403	8.46	5	1.99602	22.49
26	5	1.00133	22.35	5	1.99602	24.80	6	1.99403	23.21	5	1.99602	17.18
27	5	1.00133	17.05	5	1.99602	8.47	6	1.99403	9.05	5	1.99602	9.05
28	5	1.00133	15.78	5	1.99602	13.70	6	1.99403	15.59	6	1.99403	17.78
29	3	1.64380	28.53	3	1.64380	13.97	6	1.99403	20.77	3	1.64380	18.05
30	5	1.00133	19.50	5	1.99602	10.22	6	1.99403	8.40	5	1.99602	10.56
31	3	1.46192	11.09	3	1.46192	8.83	6	1.99403	9.42	3	1.46192	10.30
32	5	1.00133	17.28	5	1.99602	22.48	6	1.99403	21.21	6	1.99403	22.01
33	5	1.00133	26.80	5	1.99602	18.56	6	1.99403	11.79	6	1.99403	10.10
34	3	1.75275	15.88	3	1.75275	8.48	6	1.99403	8.26	3	1.75275	7.95
35	5	1.00133	14.01	5	1.99602	9.16	6	1.99403	12.84	6	1.99403	23.42
36	5	1.00133	32.62	5	1.99602	24.84	6	1.99403	26.80	5	1.99602	11.57
37	5	1.00133	15.52	5	1.99602	9.56	6	1.99403	7.53	6	1.99403	9.78
38	5	1.00133	12.30	5	1.99602	9.79	6	1.99403	7.89	5	1.99602	14.96
39	5	1.00133	24.50	5	1.99602	21.44	6	1.99403	18.89	5	1.99602	19.29
40	5	1.00133	28.25	5	1.99602	8.61	6	1.99403	7.10	6	1.99403	8.37
41	3	1.30876	9.82	3	1.30876	7.48	6	1.99403	7.88	3	1.30876	8.28
42	5	1.00133	15.66	5	1.99602	16.46	6	1.99403	19.58	6	1.99403	23.56
43	3	1.12739	23.50	3	1.12739	17.72	6	1.99403	14.32	3	1.12739	15.89
44	3	1.79109	10.70	3	1.79109	7.27	6	1.99403	9.71	3	1.79109	18.04
45	3	1.21192	13.62	3	1.21192	7.65	6	1.99403	9.79	3	1.21192	29.31
46	3	1.56923	31.82	3	1.56923	20.44	6	1.99403	18.32	3	1.56923	16.97
47	5	1.00133	18.52	5	1.99602	9.44	6	1.99403	7.94	6	1.99403	8.11
48	3	1.88761	11.60	3	1.88761	9.25	6	1.99403	7.86	3	1.88761	9.23
49	3	1.15948	22.09	3	1.15948	22.91	6	1.99403	22.60	3	1.15948	22.82
50	5	1.00133	26.86	5	1.99602	15.60	6	1.99403	11.44	5	1.99602	9.45
51	3	1.04073	10.61	3	1.04073	9.86	6	1.99403	8.62	3	1.04073	10.07
52	5	1.00133	22.64	5	1.99602	22.90	6	1.99403	20.19	6	1.99403	28.45
53	5	1.00133	30.81	5	1.99602	8.09	6	1.99403	8.11	6	1.99403	7.69
54	5	1.00133	14.61	5	1.99602	7.76	6	1.99403	7.23	6	1.99403	7.78
55	5	1.00133	17.09	5	1.99602	8.68	6	1.99403	8.23	6	1.99403	11.67
56	5	1.00133	34.02	5	1.99602	17.61	6	1.99403	20.14	6	1.99403	18.91
57	5	1.00133	23.36	5	1.99602	12.61	6	1.99403	9.10	5	1.99602	9.69
58	3	1.43796	10.76	3	1.43796	9.31	6	1.99403	7.91	3	1.43796	9.46
59	5	1.00133	23.07	5	1.99602	23.03	6	1.99403	22.37	6	1.99403	20.13
60	3	1.42615	24.93	3	1.42615	19.66	6	1.99403	11.83	3	1.42615	20.94
61	5	1.00133	16.99	5	1.99602	9.75	6	1.99403	9.33	6	1.99403	9.37
62	5	1.00133	13.88	5	1.99602	21.80	6	1.99403	12.89	5	1.99602	22.83
63	3	1.76796	29.74	3	1.76796	22.10	6	1.99403	12.83	3	1.76796	11.71
