Graph Info:	./input_data/cylinder/unsymm/4.txt	Number of Vertices	30003
Current run parameter:	use_max_degree_root = false
		Exact LCA		DistToRoot Heuristic			DistToLeaf Heuristic			Combined Heuristic
	Separator Size	Balance Ratio	Runtime (ms)	Separator Size	Balance Ratio	Runtime (ms)	Separator Size	Balance Ratio	Runtime (ms)	Separator Size	Balance Ratio	Runtime (ms)
0	3	1.00013	1675.52	3	1.99970	153.32	4	1.00007	156.63	4	1.00007	151.24
1	3	1.00013	1460.35	3	1.99940	154.32	4	1.00007	157.56	4	1.00007	153.50
2	3	1.00000	1067.04	4	1.99950	158.82	3	1.00000	162.10	3	1.00000	169.36
3	6265	1.76117	6395.63	6265	1.76117	159.00	16264	1.55140	166.99	6265	1.76117	172.87
4	3	1.20811	1126.02	3	1.20811	134.95	4	1.20867	171.16	3	1.20811	154.97
5	3	1.00000	625.96	3	1.24361	140.58	3	1.00000	166.16	3	1.24361	154.17
6	3	1.00013	704.04	3	1.99970	141.94	4	1.00007	165.18	4	1.00007	149.57
7	3	1.25034	1228.28	3	1.25034	156.98	4	1.25092	164.99	3	1.25034	158.81
8	3	1.00000	806.50	4	1.99950	145.33	3	1.00000	163.42	3	1.00000	147.87
9	6041	1.76772	6473.94	6041	1.76772	155.37	16040	1.55482	157.57	6041	1.76772	168.41
10	3	1.00013	548.31	3	1.84687	130.53	4	1.00007	168.32	3	1.84687	135.62
11	3	1.00013	561.20	3	1.69354	139.44	4	1.00007	161.64	3	1.69354	135.94
12	3	1.00013	1152.49	3	1.99970	190.84	4	1.00007	158.89	4	1.00007	159.85
13	6075	1.76693	6085.92	6075	1.76693	145.62	16074	1.55416	168.36	6075	1.76693	164.43
14	3	1.12869	990.24	3	1.12869	128.21	4	1.12921	155.38	3	1.12869	150.25
15	8889	1.69205	7371.95	8889	1.69205	156.45	18888	1.51419	157.04	8889	1.69205	171.37
16	3	1.00013	610.54	3	1.22135	141.74	4	1.00007	166.33	3	1.22135	135.10
17	3	1.00000	709.18	3	1.16728	128.71	3	1.00000	164.54	3	1.16728	148.94
18	2677	1.88183	3834.72	2677	1.88183	151.85	12676	1.61177	159.11	2677	1.88183	157.53
19	9207	1.68470	8792.33	9207	1.68470	152.02	19206	1.50989	155.18	9207	1.68470	184.47
20	3	1.00013	838.72	3	1.99940	153.66	4	1.00007	160.47	4	1.00007	148.97
21	4965	1.80103	5293.00	4965	1.80103	147.10	14964	1.57175	184.16	4965	1.80103	148.51
22	3	1.00013	1472.11	3	1.99940	147.76	4	1.00007	160.55	4	1.00007	155.14
23	3	1.00013	592.58	3	1.41516	137.70	4	1.00007	166.28	3	1.41516	143.61
24	3047	1.86743	4238.18	3047	1.86743	144.56	13046	1.60508	160.13	3047	1.86743	152.86
25	3	1.00013	561.31	3	1.31456	126.93	4	1.00007	165.57	3	1.31456	139.90
26	3471	1.85176	4328.85	3471	1.85176	152.04	13470	1.59742	155.26	3471	1.85176	174.34
27	3	1.00000	1599.23	4	1.99950	148.17	3	1.00000	157.98	3	1.00000	170.53
28	3	1.00000	893.41	4	1.99950	139.98	3	1.00000	165.53	3	1.00000	136.53
29	4861	1.80438	5388.77	4861	1.80438	148.66	14860	1.57345	156.10	4861	1.80438	171.21
30	3	1.63951	1926.19	3	1.63951	142.70	4	1.64030	160.33	3	1.63951	149.66
31	3	1.00013	1320.36	3	1.99940	148.03	4	1.00007	164.85	4	1.00007	155.10
32	3	1.00013	1266.55	3	1.99970	184.65	4	1.00007	162.12	4	1.00007	157.22
33	3	1.00000	1282.89	4	1.99950	186.99	3	1.00000	160.80	3	1.00000	164.74
34	9781	1.67150	9385.76	9781	1.67150	156.76	19780	1.50254	161.95	9781	1.67150	166.59
35	2001	1.90866	3435.89	2001	1.90866	139.14	12000	1.62486	165.00	2001	1.90866	150.71
36	3	1.00013	778.68	3	1.99970	146.86	4	1.00007	161.82	4	1.00007	140.87
37	3	1.00013	1332.08	3	1.99970	171.13	4	1.00007	176.15	4	1.00007	152.65
38	3	1.00013	703.35	3	1.99940	171.34	4	1.00007	187.92	4	1.00007	176.12
39	1669	1.92258	3316.43	1669	1.92258	138.96	11668	1.63141	163.23	1669	1.92258	162.26
40	4263	1.82420	5193.81	4263	1.82420	151.36	14262	1.58346	153.74	4263	1.82420	158.44
41	3	1.00000	597.42	4	1.99950	150.32	3	1.00000	158.27	3	1.00000	170.93
42	3	1.00013	883.40	3	1.99970	151.37	4	1.00007	156.77	4	1.00007	161.21
43	3	1.95888	2415.85	3	1.95888	146.26	4	1.95985	160.76	3	1.95888	161.67
44	3	1.00013	513.90	3	1.63789	123.84	4	1.00007	165.64	3	1.63789	141.04
45	3	1.00013	544.62	3	1.66270	126.24	4	1.00007	180.94	3	1.66270	142.14
46	3	1.00013	1737.22	3	1.99940	155.75	4	1.00007	163.88	4	1.00007	154.50
47	3	1.18926	1066.73	3	1.18926	147.52	4	1.18981	157.85	3	1.18926	153.52
48	3	1.00000	943.93	4	1.99950	136.37	3	1.00000	172.45	3	1.00000	138.39
49	511	1.97494	2764.24	511	1.97494	150.98	10510	1.65520	155.84	511	1.97494	176.93
50	3	1.00000	1278.02	4	1.99950	180.07	3	1.00000	177.51	3	1.00000	146.58
51	6451	1.75603	6164.94	6451	1.75603	159.73	16450	1.54844	155.79	6451	1.75603	172.73
52	3	1.00013	1506.13	3	1.99970	159.13	4	1.00007	157.74	4	1.00007	151.02
53	443	1.97790	2768.09	443	1.97790	138.12	10442	1.65684	150.52	443	1.97790	171.69
54	3	1.00013	1108.72	3	1.99970	151.72	4	1.00007	175.38	4	1.00007	157.24
55	3	1.27060	1429.29	3	1.27060	139.91	4	1.27119	162.74	3	1.27060	155.87
56	3	1.00013	840.40	3	1.99970	157.94	4	1.00007	162.50	4	1.00007	152.51
57	3	1.61331	1946.58	3	1.61331	144.05	4	1.61408	160.91	3	1.61331	161.81
58	3	1.00013	866.57	3	1.00307	133.09	4	1.00007	167.39	3	1.00307	155.57
59	3	1.00013	982.68	3	1.99940	146.26	4	1.00007	162.25	4	1.00007	156.86
60	3	1.00000	1453.55	4	1.99950	150.19	3	1.00000	158.10	3	1.00000	143.26
61	3185	1.86252	4372.29	3185	1.86252	145.52	13184	1.60241	170.39	3185	1.86252	146.79
62	3	1.00013	1680.60	3	1.99970	157.89	4	1.00007	158.99	4	1.00007	161.06
63	3	1.00013	1330.41	3	1.99940	166.03	4	1.00007	179.03	4	1.00007	160.17
