63 220 49
0 0 0
1 0 1
2 0 2
3 0 3
4 0 4
5 0 5
6 0 6
7 0 7
8 0 8
9 1 0
10 1 1
11 1 2
12 1 3
13 1 4
14 1 5
15 1 6
16 1 7
17 1 8
18 2 0
19 2 1
20 2 2
21 2 3
22 2 4
23 2 5
24 2 6
25 2 7
26 2 8
27 3 0
28 3 1
29 3 2
30 3 3
31 3 4
32 3 5
33 3 6
34 3 7
35 3 8
36 4 0
37 4 1
38 4 2
39 4 3
40 4 4
41 4 5
42 4 6
43 4 7
44 4 8
45 5 0
46 5 1
47 5 2
48 5 3
49 5 4
50 5 5
51 5 6
52 5 7
53 5 8
54 6 0
55 6 1
56 6 2
57 6 3
58 6 4
59 6 5
60 6 6
61 6 7
62 6 8
0 1 0 1 1 27.000000
1 0 1 0 1 27.000000
2 3 1 2 1 9.000000
3 2 2 1 1 9.000000
4 5 2 3 1 9.000000
5 4 3 2 1 9.000000
6 7 3 4 1 6.000000
7 6 4 3 1 6.000000
8 9 4 5 1 28.000000
9 8 5 4 1 28.000000
10 11 5 6 1 30.000000
11 10 6 5 1 30.000000
12 13 6 7 1 39.000000
13 12 7 6 1 39.000000
14 15 7 8 1 24.000000
15 14 8 7 1 24.000000
16 17 0 9 1 1.000000
17 16 9 0 1 1.000000
18 19 1 10 1 11.000000
19 18 10 1 1 11.000000
20 21 2 11 1 15.000000
21 20 11 2 1 15.000000
22 23 3 12 1 11.000000
23 22 12 3 1 11.000000
24 25 4 13 1 9.000000
25 24 13 4 1 9.000000
26 27 5 14 1 28.000000
27 26 14 5 1 28.000000
28 29 6 15 1 18.000000
29 28 15 6 1 18.000000
30 31 7 16 1 30.000000
31 30 16 7 1 30.000000
32 33 8 17 1 21.000000
33 32 17 8 1 21.000000
34 35 9 10 1 27.000000
35 34 10 9 1 27.000000
36 37 10 11 1 19.000000
37 36 11 10 1 19.000000
38 39 11 12 1 15.000000
39 38 12 11 1 15.000000
40 41 12 13 1 10.000000
41 40 13 12 1 10.000000
42 43 13 14 1 11.000000
43 42 14 13 1 11.000000
44 45 14 15 1 20.000000
45 44 15 14 1 20.000000
46 47 15 16 1 13.000000
47 46 16 15 1 13.000000
48 49 16 17 1 25.000000
49 48 17 16 1 25.000000
50 51 9 18 1 17.000000
51 50 18 9 1 17.000000
52 53 10 19 1 12.000000
53 52 19 10 1 12.000000
54 55 11 20 1 9.000000
55 54 20 11 1 9.000000
56 57 12 21 1 18.000000
57 56 21 12 1 18.000000
58 59 13 22 1 8.000000
59 58 22 13 1 8.000000
60 61 14 23 1 11.000000
61 60 23 14 1 11.000000
62 63 15 24 1 11.000000
63 62 24 15 1 11.000000
64 65 16 25 1 29.000000
65 64 25 16 1 29.000000
66 67 17 26 1 13.000000
67 66 26 17 1 13.000000
68 69 18 19 1 16.000000
69 68 19 18 1 16.000000
70 71 19 20 1 26.000000
71 70 20 19 1 26.000000
72 73 20 21 1 4.000000
73 72 21 20 1 4.000000
74 75 21 22 1 18.000000
75 74 22 21 1 18.000000
76 77 22 23 1 0.000000
77 76 23 22 1 0.000000
78 79 23 24 1 20.000000
79 78 24 23 1 20.000000
80 81 24 25 1 23.000000
81 80 25 24 1 23.000000
82 83 25 26 1 9.000000
83 82 26 25 1 9.000000
84 85 18 27 1 31.000000
85 84 27 18 1 31.000000
86 87 19 28 1 17.000000
87 86 28 19 1 17.000000
88 89 20 29 1 9.000000
89 88 29 20 1 9.000000
90 91 21 30 1 13.000000
91 90 30 21 1 13.000000
92 93 22 31 1 10.000000
93 92 31 22 1 10.000000
94 95 23 32 1 23.000000
95 94 32 23 1 23.000000
96 97 24 33 1 31.000000
97 96 33 24 1 31.000000
98 99 25 34 1 9.000000
99 98 34 25 1 9.000000
100 101 26 35 1 12.000000
101 100 35 26 1 12.000000
102 103 27 28 1 24.000000
103 102 28 27 1 24.000000
104 105 28 29 1 40.000000
105 104 29 28 1 40.000000
106 107 29 30 1 26.000000
107 106 30 29 1 26.000000
108 109 30 31 1 19.000000
109 108 31 30 1 19.000000
110 111 31 32 1 19.000000
111 110 32 31 1 19.000000
112 113 32 33 1 14.000000
113 112 33 32 1 14.000000
114 115 33 34 1 17.000000
115 114 34 33 1 17.000000
116 117 34 35 1 12.000000
117 116 35 34 1 12.000000
118 119 27 36 1 18.000000
119 118 36 27 1 18.000000
120 121 28 37 1 39.000000
121 120 37 28 1 39.000000
122 123 29 38 1 22.000000
123 122 38 29 1 22.000000
124 125 30 39 1 20.000000
125 124 39 30 1 20.000000
126 127 31 40 1 17.000000
127 126 40 31 1 17.000000
128 129 32 41 1 23.000000
129 128 41 32 1 23.000000
130 131 33 42 1 10.000000
131 130 42 33 1 10.000000
132 133 34 43 1 23.000000
133 132 43 34 1 23.000000
134 135 35 44 1 18.000000
135 134 44 35 1 18.000000
136 137 36 37 1 9.000000
137 136 37 36 1 9.000000
138 139 37 38 1 21.000000
139 138 38 37 1 21.000000
140 141 38 39 1 30.000000
141 140 39 38 1 30.000000
142 143 39 40 1 22.000000
143 142 40 39 1 22.000000
144 145 40 41 1 27.000000
145 144 41 40 1 27.000000
146 147 41 42 1 7.000000
147 146 42 41 1 7.000000
148 149 42 43 1 8.000000
149 148 43 42 1 8.000000
150 151 43 44 1 21.000000
151 150 44 43 1 21.000000
152 153 36 45 1 26.000000
153 152 45 36 1 26.000000
154 155 37 46 1 27.000000
155 154 46 37 1 27.000000
156 157 38 47 1 34.000000
157 156 47 38 1 34.000000
158 159 39 48 1 40.000000
159 158 48 39 1 40.000000
160 161 40 49 1 26.000000
161 160 49 40 1 26.000000
162 163 41 50 1 32.000000
163 162 50 41 1 32.000000
164 165 42 51 1 23.000000
165 164 51 42 1 23.000000
166 167 43 52 1 8.000000
167 166 52 43 1 8.000000
168 169 44 53 1 19.000000
169 168 53 44 1 19.000000
170 171 45 46 1 46.000000
171 170 46 45 1 46.000000
172 173 46 47 1 18.000000
173 172 47 46 1 18.000000
174 175 47 48 1 16.000000
175 174 48 47 1 16.000000
176 177 48 49 1 30.000000
177 176 49 48 1 30.000000
178 179 49 50 1 25.000000
179 178 50 49 1 25.000000
180 181 50 51 1 14.000000
181 180 51 50 1 14.000000
182 183 51 52 1 21.000000
183 182 52 51 1 21.000000
184 185 52 53 1 10.000000
185 184 53 52 1 10.000000
186 187 45 54 1 9.000000
187 186 54 45 1 9.000000
188 189 46 55 1 28.000000
189 188 55 46 1 28.000000
190 191 47 56 1 9.000000
191 190 56 47 1 9.000000
192 193 48 57 1 11.000000
193 192 57 48 1 11.000000
194 195 49 58 1 22.000000
195 194 58 49 1 22.000000
196 197 50 59 1 32.000000
197 196 59 50 1 32.000000
198 199 51 60 1 9.000000
199 198 60 51 1 9.000000
200 201 52 61 1 27.000000
201 200 61 52 1 27.000000
202 203 53 62 1 10.000000
203 202 62 53 1 10.000000
204 205 54 55 1 19.000000
205 204 55 54 1 19.000000
206 207 55 56 1 9.000000
207 206 56 55 1 9.000000
208 209 56 57 1 18.000000
209 208 57 56 1 18.000000
210 211 57 58 1 13.000000
211 210 58 57 1 13.000000
212 213 58 59 1 19.000000
213 212 59 58 1 19.000000
214 215 59 60 1 25.000000
215 214 60 59 1 25.000000
216 217 60 61 1 11.000000
217 216 61 60 1 11.000000
218 219 61 62 1 27.000000
219 218 62 61 1 27.000000
0 28 16 50 84 118 152 186 204 206 208 210 212 214 216 218 203 169 135 101 67 33 15 13 11 9 7 5 3 1
1 4 0 18 35 17
2 4 2 20 37 19
3 4 4 22 39 21
4 4 6 24 41 23
5 4 8 26 43 25
6 4 10 28 45 27
7 4 12 30 47 29
8 4 14 32 49 31
9 4 34 52 69 51
10 4 36 54 71 53
11 4 38 56 73 55
12 4 40 58 75 57
13 4 42 60 77 59
14 4 44 62 79 61
15 4 46 64 81 63
16 4 48 66 83 65
17 4 68 86 103 85
18 4 70 88 105 87
19 4 72 90 107 89
20 4 74 92 109 91
21 4 76 94 111 93
22 4 78 96 113 95
23 4 80 98 115 97
24 4 82 100 117 99
25 4 102 120 137 119
26 4 104 122 139 121
27 4 106 124 141 123
28 4 108 126 143 125
29 4 110 128 145 127
30 4 112 130 147 129
31 4 114 132 149 131
32 4 116 134 151 133
33 4 136 154 171 153
34 4 138 156 173 155
35 4 140 158 175 157
36 4 142 160 177 159
37 4 144 162 179 161
38 4 146 164 181 163
39 4 148 166 183 165
40 4 150 168 185 167
41 4 170 188 205 187
42 4 172 190 207 189
43 4 174 192 209 191
44 4 176 194 211 193
45 4 178 196 213 195
46 4 180 198 215 197
47 4 182 200 217 199
48 4 184 202 219 201
