588 2254 541
0 0 0
1 0 1
2 0 2
3 0 3
4 0 4
5 0 5
6 0 6
7 0 7
8 0 8
9 0 9
10 0 10
11 0 11
12 0 12
13 0 13
14 0 14
15 0 15
16 0 16
17 0 17
18 0 18
19 0 19
20 0 20
21 0 21
22 0 22
23 0 23
24 0 24
25 0 25
26 0 26
27 0 27
28 1 0
29 1 1
30 1 2
31 1 3
32 1 4
33 1 5
34 1 6
35 1 7
36 1 8
37 1 9
38 1 10
39 1 11
40 1 12
41 1 13
42 1 14
43 1 15
44 1 16
45 1 17
46 1 18
47 1 19
48 1 20
49 1 21
50 1 22
51 1 23
52 1 24
53 1 25
54 1 26
55 1 27
56 2 0
57 2 1
58 2 2
59 2 3
60 2 4
61 2 5
62 2 6
63 2 7
64 2 8
65 2 9
66 2 10
67 2 11
68 2 12
69 2 13
70 2 14
71 2 15
72 2 16
73 2 17
74 2 18
75 2 19
76 2 20
77 2 21
78 2 22
79 2 23
80 2 24
81 2 25
82 2 26
83 2 27
84 3 0
85 3 1
86 3 2
87 3 3
88 3 4
89 3 5
90 3 6
91 3 7
92 3 8
93 3 9
94 3 10
95 3 11
96 3 12
97 3 13
98 3 14
99 3 15
100 3 16
101 3 17
102 3 18
103 3 19
104 3 20
105 3 21
106 3 22
107 3 23
108 3 24
109 3 25
110 3 26
111 3 27
112 4 0
113 4 1
114 4 2
115 4 3
116 4 4
117 4 5
118 4 6
119 4 7
120 4 8
121 4 9
122 4 10
123 4 11
124 4 12
125 4 13
126 4 14
127 4 15
128 4 16
129 4 17
130 4 18
131 4 19
132 4 20
133 4 21
134 4 22
135 4 23
136 4 24
137 4 25
138 4 26
139 4 27
140 5 0
141 5 1
142 5 2
143 5 3
144 5 4
145 5 5
146 5 6
147 5 7
148 5 8
149 5 9
150 5 10
151 5 11
152 5 12
153 5 13
154 5 14
155 5 15
156 5 16
157 5 17
158 5 18
159 5 19
160 5 20
161 5 21
162 5 22
163 5 23
164 5 24
165 5 25
166 5 26
167 5 27
168 6 0
169 6 1
170 6 2
171 6 3
172 6 4
173 6 5
174 6 6
175 6 7
176 6 8
177 6 9
178 6 10
179 6 11
180 6 12
181 6 13
182 6 14
183 6 15
184 6 16
185 6 17
186 6 18
187 6 19
188 6 20
189 6 21
190 6 22
191 6 23
192 6 24
193 6 25
194 6 26
195 6 27
196 7 0
197 7 1
198 7 2
199 7 3
200 7 4
201 7 5
202 7 6
203 7 7
204 7 8
205 7 9
206 7 10
207 7 11
208 7 12
209 7 13
210 7 14
211 7 15
212 7 16
213 7 17
214 7 18
215 7 19
216 7 20
217 7 21
218 7 22
219 7 23
220 7 24
221 7 25
222 7 26
223 7 27
224 8 0
225 8 1
226 8 2
227 8 3
228 8 4
229 8 5
230 8 6
231 8 7
232 8 8
233 8 9
234 8 10
235 8 11
236 8 12
237 8 13
238 8 14
239 8 15
240 8 16
241 8 17
242 8 18
243 8 19
244 8 20
245 8 21
246 8 22
247 8 23
248 8 24
249 8 25
250 8 26
251 8 27
252 9 0
253 9 1
254 9 2
255 9 3
256 9 4
257 9 5
258 9 6
259 9 7
260 9 8
261 9 9
262 9 10
263 9 11
264 9 12
265 9 13
266 9 14
267 9 15
268 9 16
269 9 17
270 9 18
271 9 19
272 9 20
273 9 21
274 9 22
275 9 23
276 9 24
277 9 25
278 9 26
279 9 27
280 10 0
281 10 1
282 10 2
283 10 3
284 10 4
285 10 5
286 10 6
287 10 7
288 10 8
289 10 9
290 10 10
291 10 11
292 10 12
293 10 13
294 10 14
295 10 15
296 10 16
297 10 17
298 10 18
299 10 19
300 10 20
301 10 21
302 10 22
303 10 23
304 10 24
305 10 25
306 10 26
307 10 27
308 11 0
309 11 1
310 11 2
311 11 3
312 11 4
313 11 5
314 11 6
315 11 7
316 11 8
317 11 9
318 11 10
319 11 11
320 11 12
321 11 13
322 11 14
323 11 15
324 11 16
325 11 17
326 11 18
327 11 19
328 11 20
329 11 21
330 11 22
331 11 23
332 11 24
333 11 25
334 11 26
335 11 27
336 12 0
337 12 1
338 12 2
339 12 3
340 12 4
341 12 5
342 12 6
343 12 7
344 12 8
345 12 9
346 12 10
347 12 11
348 12 12
349 12 13
350 12 14
351 12 15
352 12 16
353 12 17
354 12 18
355 12 19
356 12 20
357 12 21
358 12 22
359 12 23
360 12 24
361 12 25
362 12 26
363 12 27
364 13 0
365 13 1
366 13 2
367 13 3
368 13 4
369 13 5
370 13 6
371 13 7
372 13 8
373 13 9
374 13 10
375 13 11
376 13 12
377 13 13
378 13 14
379 13 15
380 13 16
381 13 17
382 13 18
383 13 19
384 13 20
385 13 21
386 13 22
387 13 23
388 13 24
389 13 25
390 13 26
391 13 27
392 14 0
393 14 1
394 14 2
395 14 3
396 14 4
397 14 5
398 14 6
399 14 7
400 14 8
401 14 9
402 14 10
403 14 11
404 14 12
405 14 13
406 14 14
407 14 15
408 14 16
409 14 17
410 14 18
411 14 19
412 14 20
413 14 21
414 14 22
415 14 23
416 14 24
417 14 25
418 14 26
419 14 27
420 15 0
421 15 1
422 15 2
423 15 3
424 15 4
425 15 5
426 15 6
427 15 7
428 15 8
429 15 9
430 15 10
431 15 11
432 15 12
433 15 13
434 15 14
435 15 15
436 15 16
437 15 17
438 15 18
439 15 19
440 15 20
441 15 21
442 15 22
443 15 23
444 15 24
445 15 25
446 15 26
447 15 27
448 16 0
449 16 1
450 16 2
451 16 3
452 16 4
453 16 5
454 16 6
455 16 7
456 16 8
457 16 9
458 16 10
459 16 11
460 16 12
461 16 13
462 16 14
463 16 15
464 16 16
465 16 17
466 16 18
467 16 19
468 16 20
469 16 21
470 16 22
471 16 23
472 16 24
473 16 25
474 16 26
475 16 27
476 17 0
477 17 1
478 17 2
479 17 3
480 17 4
481 17 5
482 17 6
483 17 7
484 17 8
485 17 9
486 17 10
487 17 11
488 17 12
489 17 13
490 17 14
491 17 15
492 17 16
493 17 17
494 17 18
495 17 19
496 17 20
497 17 21
498 17 22
499 17 23
500 17 24
501 17 25
502 17 26
503 17 27
504 18 0
505 18 1
506 18 2
507 18 3
508 18 4
509 18 5
510 18 6
511 18 7
512 18 8
513 18 9
514 18 10
515 18 11
516 18 12
517 18 13
518 18 14
519 18 15
520 18 16
521 18 17
522 18 18
523 18 19
524 18 20
525 18 21
526 18 22
527 18 23
528 18 24
529 18 25
530 18 26
531 18 27
532 19 0
533 19 1
534 19 2
535 19 3
536 19 4
537 19 5
538 19 6
539 19 7
540 19 8
541 19 9
542 19 10
543 19 11
544 19 12
545 19 13
546 19 14
547 19 15
548 19 16
549 19 17
550 19 18
551 19 19
552 19 20
553 19 21
554 19 22
555 19 23
556 19 24
557 19 25
558 19 26
559 19 27
560 20 0
561 20 1
562 20 2
563 20 3
564 20 4
565 20 5
566 20 6
567 20 7
568 20 8
569 20 9
570 20 10
571 20 11
572 20 12
573 20 13
574 20 14
575 20 15
576 20 16
577 20 17
578 20 18
579 20 19
580 20 20
581 20 21
582 20 22
583 20 23
584 20 24
585 20 25
586 20 26
587 20 27
0 1 0 1 1 27.000000
1 0 1 0 1 27.000000
2 3 1 2 1 9.000000
3 2 2 1 1 9.000000
4 5 2 3 1 9.000000
5 4 3 2 1 9.000000
6 7 3 4 1 6.000000
7 6 4 3 1 6.000000
8 9 4 5 1 28.000000
9 8 5 4 1 28.000000
10 11 5 6 1 30.000000
11 10 6 5 1 30.000000
12 13 6 7 1 39.000000
13 12 7 6 1 39.000000
14 15 7 8 1 24.000000
15 14 8 7 1 24.000000
16 17 8 9 1 21.000000
17 16 9 8 1 21.000000
18 19 9 10 1 22.000000
19 18 10 9 1 22.000000
20 21 10 11 1 23.000000
21 20 11 10 1 23.000000
22 23 11 12 1 29.000000
23 22 12 11 1 29.000000
24 25 12 13 1 29.000000
25 24 13 12 1 29.000000
26 27 13 14 1 24.000000
27 26 14 13 1 24.000000
28 29 14 15 1 17.000000
29 28 15 14 1 17.000000
30 31 15 16 1 10.000000
31 30 16 15 1 10.000000
32 33 16 17 1 10.000000
33 32 17 16 1 10.000000
34 35 17 18 1 14.000000
35 34 18 17 1 14.000000
36 37 18 19 1 14.000000
37 36 19 18 1 14.000000
38 39 19 20 1 10.000000
39 38 20 19 1 10.000000
40 41 20 21 1 36.000000
41 40 21 20 1 36.000000
42 43 21 22 1 8.000000
43 42 22 21 1 8.000000
44 45 22 23 1 38.000000
45 44 23 22 1 38.000000
46 47 23 24 1 41.000000
47 46 24 23 1 41.000000
48 49 24 25 1 19.000000
49 48 25 24 1 19.000000
50 51 25 26 1 23.000000
51 50 26 25 1 23.000000
52 53 26 27 1 10.000000
53 52 27 26 1 10.000000
54 55 0 28 1 1.000000
55 54 28 0 1 1.000000
56 57 1 29 1 11.000000
57 56 29 1 1 11.000000
58 59 2 30 1 15.000000
59 58 30 2 1 15.000000
60 61 3 31 1 11.000000
61 60 31 3 1 11.000000
62 63 4 32 1 9.000000
63 62 32 4 1 9.000000
64 65 5 33 1 28.000000
65 64 33 5 1 28.000000
66 67 6 34 1 18.000000
67 66 34 6 1 18.000000
68 69 7 35 1 30.000000
69 68 35 7 1 30.000000
70 71 8 36 1 21.000000
71 70 36 8 1 21.000000
72 73 9 37 1 41.000000
73 72 37 9 1 41.000000
74 75 10 38 1 26.000000
75 74 38 10 1 26.000000
76 77 11 39 1 15.000000
77 76 39 11 1 15.000000
78 79 12 40 1 10.000000
79 78 40 12 1 10.000000
80 81 13 41 1 21.000000
81 80 41 13 1 21.000000
82 83 14 42 1 6.000000
83 82 42 14 1 6.000000
84 85 15 43 1 22.000000
85 84 43 15 1 22.000000
86 87 16 44 1 8.000000
87 86 44 16 1 8.000000
88 89 17 45 1 14.000000
89 88 45 17 1 14.000000
90 91 18 46 1 33.000000
91 90 46 18 1 33.000000
92 93 19 47 1 17.000000
93 92 47 19 1 17.000000
94 95 20 48 1 9.000000
95 94 48 20 1 9.000000
96 97 21 49 1 12.000000
97 96 49 21 1 12.000000
98 99 22 50 1 20.000000
99 98 50 22 1 20.000000
100 101 23 51 1 41.000000
101 100 51 23 1 41.000000
102 103 24 52 1 18.000000
103 102 52 24 1 18.000000
104 105 25 53 1 7.000000
105 104 53 25 1 7.000000
106 107 26 54 1 16.000000
107 106 54 26 1 16.000000
108 109 27 55 1 17.000000
109 108 55 27 1 17.000000
110 111 28 29 1 27.000000
111 110 29 28 1 27.000000
112 113 29 30 1 19.000000
113 112 30 29 1 19.000000
114 115 30 31 1 15.000000
115 114 31 30 1 15.000000
116 117 31 32 1 10.000000
117 116 32 31 1 10.000000
118 119 32 33 1 11.000000
119 118 33 32 1 11.000000
120 121 33 34 1 20.000000
121 120 34 33 1 20.000000
122 123 34 35 1 13.000000
123 122 35 34 1 13.000000
124 125 35 36 1 25.000000
125 124 36 35 1 25.000000
126 127 36 37 1 37.000000
127 126 37 36 1 37.000000
128 129 37 38 1 31.000000
129 128 38 37 1 31.000000
130 131 38 39 1 30.000000
131 130 39 38 1 30.000000
132 133 39 40 1 10.000000
133 132 40 39 1 10.000000
134 135 40 41 1 30.000000
135 134 41 40 1 30.000000
136 137 41 42 1 35.000000
137 136 42 41 1 35.000000
138 139 42 43 1 9.000000
139 138 43 42 1 9.000000
140 141 43 44 1 18.000000
141 140 44 43 1 18.000000
142 143 44 45 1 8.000000
143 142 45 44 1 8.000000
144 145 45 46 1 39.000000
145 144 46 45 1 39.000000
146 147 46 47 1 42.000000
147 146 47 46 1 42.000000
148 149 47 48 1 4.000000
149 148 48 47 1 4.000000
150 151 48 49 1 29.000000
151 150 49 48 1 29.000000
152 153 49 50 1 18.000000
153 152 50 49 1 18.000000
154 155 50 51 1 25.000000
155 154 51 50 1 25.000000
156 157 51 52 1 14.000000
157 156 52 51 1 14.000000
158 159 52 53 1 42.000000
159 158 53 52 1 42.000000
160 161 53 54 1 38.000000
161 160 54 53 1 38.000000
162 163 54 55 1 9.000000
163 162 55 54 1 9.000000
164 165 28 56 1 17.000000
165 164 56 28 1 17.000000
166 167 29 57 1 12.000000
167 166 57 29 1 12.000000
168 169 30 58 1 9.000000
169 168 58 30 1 9.000000
170 171 31 59 1 18.000000
171 170 59 31 1 18.000000
172 173 32 60 1 8.000000
173 172 60 32 1 8.000000
174 175 33 61 1 11.000000
175 174 61 33 1 11.000000
176 177 34 62 1 11.000000
177 176 62 34 1 11.000000
178 179 35 63 1 29.000000
179 178 63 35 1 29.000000
180 181 36 64 1 13.000000
181 180 64 36 1 13.000000
182 183 37 65 1 11.000000
183 182 65 37 1 11.000000
184 185 38 66 1 44.000000
185 184 66 38 1 44.000000
186 187 39 67 1 23.000000
187 186 67 39 1 23.000000
188 189 40 68 1 29.000000
189 188 68 40 1 29.000000
190 191 41 69 1 21.000000
191 190 69 41 1 21.000000
192 193 42 70 1 32.000000
193 192 70 42 1 32.000000
194 195 43 71 1 21.000000
195 194 71 43 1 21.000000
196 197 44 72 1 4.000000
197 196 72 44 1 4.000000
198 199 45 73 1 25.000000
199 198 73 45 1 25.000000
200 201 46 74 1 27.000000
201 200 74 46 1 27.000000
202 203 47 75 1 8.000000
203 202 75 47 1 8.000000
204 205 48 76 1 15.000000
205 204 76 48 1 15.000000
206 207 49 77 1 36.000000
207 206 77 49 1 36.000000
208 209 50 78 1 28.000000
209 208 78 50 1 28.000000
210 211 51 79 1 8.000000
211 210 79 51 1 8.000000
212 213 52 80 1 29.000000
213 212 80 52 1 29.000000
214 215 53 81 1 17.000000
215 214 81 53 1 17.000000
216 217 54 82 1 41.000000
217 216 82 54 1 41.000000
218 219 55 83 1 17.000000
219 218 83 55 1 17.000000
220 221 56 57 1 16.000000
221 220 57 56 1 16.000000
222 223 57 58 1 26.000000
223 222 58 57 1 26.000000
224 225 58 59 1 4.000000
225 224 59 58 1 4.000000
226 227 59 60 1 18.000000
227 226 60 59 1 18.000000
228 229 60 61 1 0.000000
229 228 61 60 1 0.000000
230 231 61 62 1 20.000000
231 230 62 61 1 20.000000
232 233 62 63 1 23.000000
233 232 63 62 1 23.000000
234 235 63 64 1 9.000000
235 234 64 63 1 9.000000
236 237 64 65 1 39.000000
237 236 65 64 1 39.000000
238 239 65 66 1 30.000000
239 238 66 65 1 30.000000
240 241 66 67 1 63.000000
241 240 67 66 1 63.000000
242 243 67 68 1 16.000000
243 242 68 67 1 16.000000
244 245 68 69 1 8.000000
245 244 69 68 1 8.000000
246 247 69 70 1 20.000000
247 246 70 69 1 20.000000
248 249 70 71 1 20.000000
249 248 71 70 1 20.000000
250 251 71 72 1 21.000000
251 250 72 71 1 21.000000
252 253 72 73 1 19.000000
253 252 73 72 1 19.000000
254 255 73 74 1 15.000000
255 254 74 73 1 15.000000
256 257 74 75 1 17.000000
257 256 75 74 1 17.000000
258 259 75 76 1 13.000000
259 258 76 75 1 13.000000
260 261 76 77 1 40.000000
261 260 77 76 1 40.000000
262 263 77 78 1 44.000000
263 262 78 77 1 44.000000
264 265 78 79 1 33.000000
265 264 79 78 1 33.000000
266 267 79 80 1 27.000000
267 266 80 79 1 27.000000
268 269 80 81 1 16.000000
269 268 81 80 1 16.000000
270 271 81 82 1 10.000000
271 270 82 81 1 10.000000
272 273 82 83 1 35.000000
273 272 83 82 1 35.000000
274 275 56 84 1 31.000000
275 274 84 56 1 31.000000
276 277 57 85 1 17.000000
277 276 85 57 1 17.000000
278 279 58 86 1 9.000000
279 278 86 58 1 9.000000
280 281 59 87 1 13.000000
281 280 87 59 1 13.000000
282 283 60 88 1 10.000000
283 282 88 60 1 10.000000
284 285 61 89 1 23.000000
285 284 89 61 1 23.000000
286 287 62 90 1 31.000000
287 286 90 62 1 31.000000
288 289 63 91 1 9.000000
289 288 91 63 1 9.000000
290 291 64 92 1 12.000000
291 290 92 64 1 12.000000
292 293 65 93 1 12.000000
293 292 93 65 1 12.000000
294 295 66 94 1 35.000000
295 294 94 66 1 35.000000
296 297 67 95 1 29.000000
297 296 95 67 1 29.000000
298 299 68 96 1 10.000000
299 298 96 68 1 10.000000
300 301 69 97 1 19.000000
301 300 97 69 1 19.000000
302 303 70 98 1 20.000000
303 302 98 70 1 20.000000
304 305 71 99 1 20.000000
305 304 99 71 1 20.000000
306 307 72 100 1 11.000000
307 306 100 72 1 11.000000
308 309 73 101 1 13.000000
309 308 101 73 1 13.000000
310 311 74 102 1 12.000000
311 310 102 74 1 12.000000
312 313 75 103 1 22.000000
313 312 103 75 1 22.000000
314 315 76 104 1 27.000000
315 314 104 76 1 27.000000
316 317 77 105 1 29.000000
317 316 105 77 1 29.000000
318 319 78 106 1 24.000000
319 318 106 78 1 24.000000
320 321 79 107 1 23.000000
321 320 107 79 1 23.000000
322 323 80 108 1 22.000000
323 322 108 80 1 22.000000
324 325 81 109 1 32.000000
325 324 109 81 1 32.000000
326 327 82 110 1 20.000000
327 326 110 82 1 20.000000
328 329 83 111 1 22.000000
329 328 111 83 1 22.000000
330 331 84 85 1 24.000000
331 330 85 84 1 24.000000
332 333 85 86 1 40.000000
333 332 86 85 1 40.000000
334 335 86 87 1 26.000000
335 334 87 86 1 26.000000
336 337 87 88 1 19.000000
337 336 88 87 1 19.000000
338 339 88 89 1 19.000000
339 338 89 88 1 19.000000
340 341 89 90 1 14.000000
341 340 90 89 1 14.000000
342 343 90 91 1 17.000000
343 342 91 90 1 17.000000
344 345 91 92 1 12.000000
345 344 92 91 1 12.000000
346 347 92 93 1 49.000000
347 346 93 92 1 49.000000
348 349 93 94 1 11.000000
349 348 94 93 1 11.000000
350 351 94 95 1 9.000000
351 350 95 94 1 9.000000
352 353 95 96 1 39.000000
353 352 96 95 1 39.000000
354 355 96 97 1 5.000000
355 354 97 96 1 5.000000
356 357 97 98 1 21.000000
357 356 98 97 1 21.000000
358 359 98 99 1 16.000000
359 358 99 98 1 16.000000
360 361 99 100 1 14.000000
361 360 100 99 1 14.000000
362 363 100 101 1 17.000000
363 362 101 100 1 17.000000
364 365 101 102 1 12.000000
365 364 102 101 1 12.000000
366 367 102 103 1 17.000000
367 366 103 102 1 17.000000
368 369 103 104 1 10.000000
369 368 104 103 1 10.000000
370 371 104 105 1 10.000000
371 370 105 104 1 10.000000
372 373 105 106 1 21.000000
373 372 106 105 1 21.000000
374 375 106 107 1 16.000000
375 374 107 106 1 16.000000
376 377 107 108 1 18.000000
377 376 108 107 1 18.000000
378 379 108 109 1 22.000000
379 378 109 108 1 22.000000
380 381 109 110 1 20.000000
381 380 110 109 1 20.000000
382 383 110 111 1 13.000000
383 382 111 110 1 13.000000
384 385 84 112 1 18.000000
385 384 112 84 1 18.000000
386 387 85 113 1 39.000000
387 386 113 85 1 39.000000
388 389 86 114 1 22.000000
389 388 114 86 1 22.000000
390 391 87 115 1 20.000000
391 390 115 87 1 20.000000
392 393 88 116 1 17.000000
393 392 116 88 1 17.000000
394 395 89 117 1 23.000000
395 394 117 89 1 23.000000
396 397 90 118 1 10.000000
397 396 118 90 1 10.000000
398 399 91 119 1 23.000000
399 398 119 91 1 23.000000
400 401 92 120 1 18.000000
401 400 120 92 1 18.000000
402 403 93 121 1 24.000000
403 402 121 93 1 24.000000
404 405 94 122 1 13.000000
405 404 122 94 1 13.000000
406 407 95 123 1 10.000000
407 406 123 95 1 10.000000
408 409 96 124 1 29.000000
409 408 124 96 1 29.000000
410 411 97 125 1 12.000000
411 410 125 97 1 12.000000
412 413 98 126 1 5.000000
413 412 126 98 1 5.000000
414 415 99 127 1 10.000000
415 414 127 99 1 10.000000
416 417 100 128 1 14.000000
417 416 128 100 1 14.000000
418 419 101 129 1 14.000000
419 418 129 101 1 14.000000
420 421 102 130 1 16.000000
421 420 130 102 1 16.000000
422 423 103 131 1 25.000000
423 422 131 103 1 25.000000
424 425 104 132 1 14.000000
425 424 132 104 1 14.000000
426 427 105 133 1 17.000000
427 426 133 105 1 17.000000
428 429 106 134 1 18.000000
429 428 134 106 1 18.000000
430 431 107 135 1 25.000000
431 430 135 107 1 25.000000
432 433 108 136 1 18.000000
433 432 136 108 1 18.000000
434 435 109 137 1 14.000000
435 434 137 109 1 14.000000
436 437 110 138 1 11.000000
437 436 138 110 1 11.000000
438 439 111 139 1 9.000000
439 438 139 111 1 9.000000
440 441 112 113 1 9.000000
441 440 113 112 1 9.000000
442 443 113 114 1 21.000000
443 442 114 113 1 21.000000
444 445 114 115 1 30.000000
445 444 115 114 1 30.000000
446 447 115 116 1 22.000000
447 446 116 115 1 22.000000
448 449 116 117 1 27.000000
449 448 117 116 1 27.000000
450 451 117 118 1 7.000000
451 450 118 117 1 7.000000
452 453 118 119 1 8.000000
453 452 119 118 1 8.000000
454 455 119 120 1 21.000000
455 454 120 119 1 21.000000
456 457 120 121 1 17.000000
457 456 121 120 1 17.000000
458 459 121 122 1 28.000000
459 458 122 121 1 28.000000
460 461 122 123 1 26.000000
461 460 123 122 1 26.000000
462 463 123 124 1 0.000000
463 462 124 123 1 0.000000
464 465 124 125 1 18.000000
465 464 125 124 1 18.000000
466 467 125 126 1 8.000000
467 466 126 125 1 8.000000
468 469 126 127 1 11.000000
469 468 127 126 1 11.000000
470 471 127 128 1 10.000000
471 470 128 127 1 10.000000
472 473 128 129 1 7.000000
473 472 129 128 1 7.000000
474 475 129 130 1 12.000000
475 474 130 129 1 12.000000
476 477 130 131 1 12.000000
477 476 131 130 1 12.000000
478 479 131 132 1 13.000000
479 478 132 131 1 13.000000
480 481 132 133 1 21.000000
481 480 133 132 1 21.000000
482 483 133 134 1 12.000000
483 482 134 133 1 12.000000
484 485 134 135 1 21.000000
485 484 135 134 1 21.000000
486 487 135 136 1 19.000000
487 486 136 135 1 19.000000
488 489 136 137 1 32.000000
489 488 137 136 1 32.000000
490 491 137 138 1 17.000000
491 490 138 137 1 17.000000
492 493 138 139 1 5.000000
493 492 139 138 1 5.000000
494 495 112 140 1 26.000000
495 494 140 112 1 26.000000
496 497 113 141 1 27.000000
497 496 141 113 1 27.000000
498 499 114 142 1 34.000000
499 498 142 114 1 34.000000
500 501 115 143 1 40.000000
501 500 143 115 1 40.000000
502 503 116 144 1 26.000000
503 502 144 116 1 26.000000
504 505 117 145 1 32.000000
505 504 145 117 1 32.000000
506 507 118 146 1 23.000000
507 506 146 118 1 23.000000
508 509 119 147 1 8.000000
509 508 147 119 1 8.000000
510 511 120 148 1 19.000000
511 510 148 120 1 19.000000
512 513 121 149 1 14.000000
513 512 149 121 1 14.000000
514 515 122 150 1 22.000000
515 514 150 122 1 22.000000
516 517 123 151 1 30.000000
517 516 151 123 1 30.000000
518 519 124 152 1 6.000000
519 518 152 124 1 6.000000
520 521 125 153 1 11.000000
521 520 153 125 1 11.000000
522 523 126 154 1 10.000000
523 522 154 126 1 10.000000
524 525 127 155 1 16.000000
525 524 155 127 1 16.000000
526 527 128 156 1 25.000000
527 526 156 128 1 25.000000
528 529 129 157 1 13.000000
529 528 157 129 1 13.000000
530 531 130 158 1 17.000000
531 530 158 130 1 17.000000
532 533 131 159 1 20.000000
533 532 159 131 1 20.000000
534 535 132 160 1 17.000000
535 534 160 132 1 17.000000
536 537 133 161 1 14.000000
537 536 161 133 1 14.000000
538 539 134 162 1 5.000000
539 538 162 134 1 5.000000
540 541 135 163 1 23.000000
541 540 163 135 1 23.000000
542 543 136 164 1 12.000000
543 542 164 136 1 12.000000
544 545 137 165 1 8.000000
545 544 165 137 1 8.000000
546 547 138 166 1 14.000000
547 546 166 138 1 14.000000
548 549 139 167 1 8.000000
549 548 167 139 1 8.000000
550 551 140 141 1 46.000000
551 550 141 140 1 46.000000
552 553 141 142 1 18.000000
553 552 142 141 1 18.000000
554 555 142 143 1 16.000000
555 554 143 142 1 16.000000
556 557 143 144 1 30.000000
557 556 144 143 1 30.000000
558 559 144 145 1 25.000000
559 558 145 144 1 25.000000
560 561 145 146 1 14.000000
561 560 146 145 1 14.000000
562 563 146 147 1 21.000000
563 562 147 146 1 21.000000
564 565 147 148 1 10.000000
565 564 148 147 1 10.000000
566 567 148 149 1 16.000000
567 566 149 148 1 16.000000
568 569 149 150 1 34.000000
569 568 150 149 1 34.000000
570 571 150 151 1 24.000000
571 570 151 150 1 24.000000
572 573 151 152 1 30.000000
573 572 152 151 1 30.000000
574 575 152 153 1 23.000000
575 574 153 152 1 23.000000
576 577 153 154 1 11.000000
577 576 154 153 1 11.000000
578 579 154 155 1 7.000000
579 578 155 154 1 7.000000
580 581 155 156 1 7.000000
581 580 156 155 1 7.000000
582 583 156 157 1 19.000000
583 582 157 156 1 19.000000
584 585 157 158 1 18.000000
585 584 158 157 1 18.000000
586 587 158 159 1 13.000000
587 586 159 158 1 13.000000
588 589 159 160 1 18.000000
589 588 160 159 1 18.000000
590 591 160 161 1 18.000000
591 590 161 160 1 18.000000
592 593 161 162 1 5.000000
593 592 162 161 1 5.000000
594 595 162 163 1 33.000000
595 594 163 162 1 33.000000
596 597 163 164 1 48.000000
597 596 164 163 1 48.000000
598 599 164 165 1 12.000000
599 598 165 164 1 12.000000
600 601 165 166 1 21.000000
601 600 166 165 1 21.000000
602 603 166 167 1 19.000000
603 602 167 166 1 19.000000
604 605 140 168 1 9.000000
605 604 168 140 1 9.000000
606 607 141 169 1 28.000000
607 606 169 141 1 28.000000
608 609 142 170 1 9.000000
609 608 170 142 1 9.000000
610 611 143 171 1 11.000000
611 610 171 143 1 11.000000
612 613 144 172 1 22.000000
613 612 172 144 1 22.000000
614 615 145 173 1 32.000000
615 614 173 145 1 32.000000
616 617 146 174 1 9.000000
617 616 174 146 1 9.000000
618 619 147 175 1 27.000000
619 618 175 147 1 27.000000
620 621 148 176 1 10.000000
621 620 176 148 1 10.000000
622 623 149 177 1 5.000000
623 622 177 149 1 5.000000
624 625 150 178 1 25.000000
625 624 178 150 1 25.000000
626 627 151 179 1 59.000000
627 626 179 151 1 59.000000
628 629 152 180 1 44.000000
629 628 180 152 1 44.000000
630 631 153 181 1 18.000000
631 630 181 153 1 18.000000
632 633 154 182 1 0.000000
633 632 182 154 1 0.000000
634 635 155 183 1 10.000000
635 634 183 155 1 10.000000
636 637 156 184 1 14.000000
637 636 184 156 1 14.000000
638 639 157 185 1 22.000000
639 638 185 157 1 22.000000
640 641 158 186 1 26.000000
641 640 186 158 1 26.000000
642 643 159 187 1 7.000000
643 642 187 159 1 7.000000
644 645 160 188 1 38.000000
645 644 188 160 1 38.000000
646 647 161 189 1 10.000000
647 646 189 161 1 10.000000
648 649 162 190 1 16.000000
649 648 190 162 1 16.000000
650 651 163 191 1 36.000000
651 650 191 163 1 36.000000
652 653 164 192 1 23.000000
653 652 192 164 1 23.000000
654 655 165 193 1 27.000000
655 654 193 165 1 27.000000
656 657 166 194 1 14.000000
657 656 194 166 1 14.000000
658 659 167 195 1 15.000000
659 658 195 167 1 15.000000
660 661 168 169 1 19.000000
661 660 169 168 1 19.000000
662 663 169 170 1 9.000000
663 662 170 169 1 9.000000
664 665 170 171 1 18.000000
665 664 171 170 1 18.000000
666 667 171 172 1 13.000000
667 666 172 171 1 13.000000
668 669 172 173 1 19.000000
669 668 173 172 1 19.000000
670 671 173 174 1 25.000000
671 670 174 173 1 25.000000
672 673 174 175 1 11.000000
673 672 175 174 1 11.000000
674 675 175 176 1 27.000000
675 674 176 175 1 27.000000
676 677 176 177 1 11.000000
677 676 177 176 1 11.000000
678 679 177 178 1 8.000000
679 678 178 177 1 8.000000
680 681 178 179 1 42.000000
681 680 179 178 1 42.000000
682 683 179 180 1 21.000000
683 682 180 179 1 21.000000
684 685 180 181 1 63.000000
685 684 181 180 1 63.000000
686 687 181 182 1 17.000000
687 686 182 181 1 17.000000
688 689 182 183 1 9.000000
689 688 183 182 1 9.000000
690 691 183 184 1 19.000000
691 690 184 183 1 19.000000
692 693 184 185 1 25.000000
693 692 185 184 1 25.000000
694 695 185 186 1 28.000000
695 694 186 185 1 28.000000
696 697 186 187 1 24.000000
697 696 187 186 1 24.000000
698 699 187 188 1 19.000000
699 698 188 187 1 19.000000
700 701 188 189 1 32.000000
701 700 189 188 1 32.000000
702 703 189 190 1 27.000000
703 702 190 189 1 27.000000
704 705 190 191 1 19.000000
705 704 191 190 1 19.000000
706 707 191 192 1 29.000000
707 706 192 191 1 29.000000
708 709 192 193 1 10.000000
709 708 193 192 1 10.000000
710 711 193 194 1 22.000000
711 710 194 193 1 22.000000
712 713 194 195 1 8.000000
713 712 195 194 1 8.000000
714 715 168 196 1 31.000000
715 714 196 168 1 31.000000
716 717 169 197 1 32.000000
717 716 197 169 1 32.000000
718 719 170 198 1 28.000000
719 718 198 170 1 28.000000
720 721 171 199 1 9.000000
721 720 199 171 1 9.000000
722 723 172 200 1 30.000000
723 722 200 172 1 30.000000
724 725 173 201 1 30.000000
725 724 201 173 1 30.000000
726 727 174 202 1 18.000000
727 726 202 174 1 18.000000
728 729 175 203 1 10.000000
729 728 203 175 1 10.000000
730 731 176 204 1 6.000000
731 730 204 176 1 6.000000
732 733 177 205 1 11.000000
733 732 205 177 1 11.000000
734 735 178 206 1 9.000000
735 734 206 178 1 9.000000
736 737 179 207 1 26.000000
737 736 207 179 1 26.000000
738 739 180 208 1 29.000000
739 738 208 180 1 29.000000
740 741 181 209 1 22.000000
741 740 209 181 1 22.000000
742 743 182 210 1 4.000000
743 742 210 182 1 4.000000
744 745 183 211 1 17.000000
745 744 211 183 1 17.000000
746 747 184 212 1 22.000000
747 746 212 184 1 22.000000
748 749 185 213 1 10.000000
749 748 213 185 1 10.000000
750 751 186 214 1 24.000000
751 750 214 186 1 24.000000
752 753 187 215 1 34.000000
753 752 215 187 1 34.000000
754 755 188 216 1 46.000000
755 754 216 188 1 46.000000
756 757 189 217 1 15.000000
757 756 217 189 1 15.000000
758 759 190 218 1 16.000000
759 758 218 190 1 16.000000
760 761 191 219 1 23.000000
761 760 219 191 1 23.000000
762 763 192 220 1 27.000000
763 762 220 192 1 27.000000
764 765 193 221 1 23.000000
765 764 221 193 1 23.000000
766 767 194 222 1 16.000000
767 766 222 194 1 16.000000
768 769 195 223 1 12.000000
769 768 223 195 1 12.000000
770 771 196 197 1 8.000000
771 770 197 196 1 8.000000
772 773 197 198 1 13.000000
773 772 198 197 1 13.000000
774 775 198 199 1 15.000000
775 774 199 198 1 15.000000
776 777 199 200 1 26.000000
777 776 200 199 1 26.000000
778 779 200 201 1 19.000000
779 778 201 200 1 19.000000
780 781 201 202 1 17.000000
781 780 202 201 1 17.000000
782 783 202 203 1 11.000000
783 782 203 202 1 11.000000
784 785 203 204 1 11.000000
785 784 204 203 1 11.000000
786 787 204 205 1 10.000000
787 786 205 204 1 10.000000
788 789 205 206 1 0.000000
789 788 206 205 1 0.000000
790 791 206 207 1 25.000000
791 790 207 206 1 25.000000
792 793 207 208 1 16.000000
793 792 208 207 1 16.000000
794 795 208 209 1 16.000000
795 794 209 208 1 16.000000
796 797 209 210 1 11.000000
797 796 210 209 1 11.000000
798 799 210 211 1 16.000000
799 798 211 210 1 16.000000
800 801 211 212 1 12.000000
801 800 212 211 1 12.000000
802 803 212 213 1 11.000000
803 802 213 212 1 11.000000
804 805 213 214 1 20.000000
805 804 214 213 1 20.000000
806 807 214 215 1 44.000000
807 806 215 214 1 44.000000
808 809 215 216 1 33.000000
809 808 216 215 1 33.000000
810 811 216 217 1 29.000000
811 810 217 216 1 29.000000
812 813 217 218 1 26.000000
813 812 218 217 1 26.000000
814 815 218 219 1 26.000000
815 814 219 218 1 26.000000
816 817 219 220 1 19.000000
817 816 220 219 1 19.000000
818 819 220 221 1 10.000000
819 818 221 220 1 10.000000
820 821 221 222 1 19.000000
821 820 222 221 1 19.000000
822 823 222 223 1 0.000000
823 822 223 222 1 0.000000
824 825 196 224 1 19.000000
825 824 224 196 1 19.000000
826 827 197 225 1 6.000000
827 826 225 197 1 6.000000
828 829 198 226 1 22.000000
829 828 226 198 1 22.000000
830 831 199 227 1 13.000000
831 830 227 199 1 13.000000
832 833 200 228 1 7.000000
833 832 228 200 1 7.000000
834 835 201 229 1 21.000000
835 834 229 201 1 21.000000
836 837 202 230 1 9.000000
837 836 230 202 1 9.000000
838 839 203 231 1 14.000000
839 838 231 203 1 14.000000
840 841 204 232 1 18.000000
841 840 232 204 1 18.000000
842 843 205 233 1 12.000000
843 842 233 205 1 12.000000
844 845 206 234 1 12.000000
845 844 234 206 1 12.000000
846 847 207 235 1 29.000000
847 846 235 207 1 29.000000
848 849 208 236 1 29.000000
849 848 236 208 1 29.000000
850 851 209 237 1 21.000000
851 850 237 209 1 21.000000
852 853 210 238 1 16.000000
853 852 238 210 1 16.000000
854 855 211 239 1 29.000000
855 854 239 211 1 29.000000
856 857 212 240 1 18.000000
857 856 240 212 1 18.000000
858 859 213 241 1 22.000000
859 858 241 213 1 22.000000
860 861 214 242 1 14.000000
861 860 242 214 1 14.000000
862 863 215 243 1 40.000000
863 862 243 215 1 40.000000
864 865 216 244 1 17.000000
865 864 244 216 1 17.000000
866 867 217 245 1 6.000000
867 866 245 217 1 6.000000
868 869 218 246 1 12.000000
869 868 246 218 1 12.000000
870 871 219 247 1 14.000000
871 870 247 219 1 14.000000
872 873 220 248 1 4.000000
873 872 248 220 1 4.000000
874 875 221 249 1 22.000000
875 874 249 221 1 22.000000
876 877 222 250 1 25.000000
877 876 250 222 1 25.000000
878 879 223 251 1 17.000000
879 878 251 223 1 17.000000
880 881 224 225 1 19.000000
881 880 225 224 1 19.000000
882 883 225 226 1 17.000000
883 882 226 225 1 17.000000
884 885 226 227 1 16.000000
885 884 227 226 1 16.000000
886 887 227 228 1 24.000000
887 886 228 227 1 24.000000
888 889 228 229 1 21.000000
889 888 229 228 1 21.000000
890 891 229 230 1 21.000000
891 890 230 229 1 21.000000
892 893 230 231 1 28.000000
893 892 231 230 1 28.000000
894 895 231 232 1 23.000000
895 894 232 231 1 23.000000
896 897 232 233 1 28.000000
897 896 233 232 1 28.000000
898 899 233 234 1 0.000000
899 898 234 233 1 0.000000
900 901 234 235 1 18.000000
901 900 235 234 1 18.000000
902 903 235 236 1 22.000000
903 902 236 235 1 22.000000
904 905 236 237 1 38.000000
905 904 237 236 1 38.000000
906 907 237 238 1 28.000000
907 906 238 237 1 28.000000
908 909 238 239 1 15.000000
909 908 239 238 1 15.000000
910 911 239 240 1 35.000000
911 910 240 239 1 35.000000
912 913 240 241 1 19.000000
913 912 241 240 1 19.000000
914 915 241 242 1 12.000000
915 914 242 241 1 12.000000
916 917 242 243 1 26.000000
917 916 243 242 1 26.000000
918 919 243 244 1 6.000000
919 918 244 243 1 6.000000
920 921 244 245 1 32.000000
921 920 245 244 1 32.000000
922 923 245 246 1 12.000000
923 922 246 245 1 12.000000
924 925 246 247 1 8.000000
925 924 247 246 1 8.000000
926 927 247 248 1 9.000000
927 926 248 247 1 9.000000
928 929 248 249 1 20.000000
929 928 249 248 1 20.000000
930 931 249 250 1 24.000000
931 930 250 249 1 24.000000
932 933 250 251 1 8.000000
933 932 251 250 1 8.000000
934 935 224 252 1 17.000000
935 934 252 224 1 17.000000
936 937 225 253 1 14.000000
937 936 253 225 1 14.000000
938 939 226 254 1 7.000000
939 938 254 226 1 7.000000
940 941 227 255 1 12.000000
941 940 255 227 1 12.000000
942 943 228 256 1 13.000000
943 942 256 228 1 13.000000
944 945 229 257 1 27.000000
945 944 257 229 1 27.000000
946 947 230 258 1 9.000000
947 946 258 230 1 9.000000
948 949 231 259 1 9.000000
949 948 259 231 1 9.000000
950 951 232 260 1 26.000000
951 950 260 232 1 26.000000
952 953 233 261 1 13.000000
953 952 261 233 1 13.000000
954 955 234 262 1 17.000000
955 954 262 234 1 17.000000
956 957 235 263 1 22.000000
957 956 263 235 1 22.000000
958 959 236 264 1 13.000000
959 958 264 236 1 13.000000
960 961 237 265 1 29.000000
961 960 265 237 1 29.000000
962 963 238 266 1 8.000000
963 962 266 238 1 8.000000
964 965 239 267 1 5.000000
965 964 267 239 1 5.000000
966 967 240 268 1 27.000000
967 966 268 240 1 27.000000
968 969 241 269 1 15.000000
969 968 269 241 1 15.000000
970 971 242 270 1 21.000000
971 970 270 242 1 21.000000
972 973 243 271 1 22.000000
973 972 271 243 1 22.000000
974 975 244 272 1 17.000000
975 974 272 244 1 17.000000
976 977 245 273 1 16.000000
977 976 273 245 1 16.000000
978 979 246 274 1 9.000000
979 978 274 246 1 9.000000
980 981 247 275 1 15.000000
981 980 275 247 1 15.000000
982 983 248 276 1 17.000000
983 982 276 248 1 17.000000
984 985 249 277 1 11.000000
985 984 277 249 1 11.000000
986 987 250 278 1 27.000000
987 986 278 250 1 27.000000
988 989 251 279 1 4.000000
989 988 279 251 1 4.000000
990 991 252 253 1 34.000000
991 990 253 252 1 34.000000
992 993 253 254 1 34.000000
993 992 254 253 1 34.000000
994 995 254 255 1 17.000000
995 994 255 254 1 17.000000
996 997 255 256 1 17.000000
997 996 256 255 1 17.000000
998 999 256 257 1 19.000000
999 998 257 256 1 19.000000
1000 1001 257 258 1 21.000000
1001 1000 258 257 1 21.000000
1002 1003 258 259 1 22.000000
1003 1002 259 258 1 22.000000
1004 1005 259 260 1 18.000000
1005 1004 260 259 1 18.000000
1006 1007 260 261 1 41.000000
1007 1006 261 260 1 41.000000
1008 1009 261 262 1 8.000000
1009 1008 262 261 1 8.000000
1010 1011 262 263 1 15.000000
1011 1010 263 262 1 15.000000
1012 1013 263 264 1 17.000000
1013 1012 264 263 1 17.000000
1014 1015 264 265 1 24.000000
1015 1014 265 264 1 24.000000
1016 1017 265 266 1 5.000000
1017 1016 266 265 1 5.000000
1018 1019 266 267 1 14.000000
1019 1018 267 266 1 14.000000
1020 1021 267 268 1 11.000000
1021 1020 268 267 1 11.000000
1022 1023 268 269 1 17.000000
1023 1022 269 268 1 17.000000
1024 1025 269 270 1 24.000000
1025 1024 270 269 1 24.000000
1026 1027 270 271 1 31.000000
1027 1026 271 270 1 31.000000
1028 1029 271 272 1 9.000000
1029 1028 272 271 1 9.000000
1030 1031 272 273 1 13.000000
1031 1030 273 272 1 13.000000
1032 1033 273 274 1 11.000000
1033 1032 274 273 1 11.000000
1034 1035 274 275 1 4.000000
1035 1034 275 274 1 4.000000
1036 1037 275 276 1 19.000000
1037 1036 276 275 1 19.000000
1038 1039 276 277 1 22.000000
1039 1038 277 276 1 22.000000
1040 1041 277 278 1 14.000000
1041 1040 278 277 1 14.000000
1042 1043 278 279 1 15.000000
1043 1042 279 278 1 15.000000
1044 1045 252 280 1 37.000000
1045 1044 280 252 1 37.000000
1046 1047 253 281 1 13.000000
1047 1046 281 253 1 13.000000
1048 1049 254 282 1 15.000000
1049 1048 282 254 1 15.000000
1050 1051 255 283 1 14.000000
1051 1050 283 255 1 14.000000
1052 1053 256 284 1 9.000000
1053 1052 284 256 1 9.000000
1054 1055 257 285 1 13.000000
1055 1054 285 257 1 13.000000
1056 1057 258 286 1 11.000000
1057 1056 286 258 1 11.000000
1058 1059 259 287 1 19.000000
1059 1058 287 259 1 19.000000
1060 1061 260 288 1 18.000000
1061 1060 288 260 1 18.000000
1062 1063 261 289 1 20.000000
1063 1062 289 261 1 20.000000
1064 1065 262 290 1 14.000000
1065 1064 290 262 1 14.000000
1066 1067 263 291 1 14.000000
1067 1066 291 263 1 14.000000
1068 1069 264 292 1 33.000000
1069 1068 292 264 1 33.000000
1070 1071 265 293 1 31.000000
1071 1070 293 265 1 31.000000
1072 1073 266 294 1 34.000000
1073 1072 294 266 1 34.000000
1074 1075 267 295 1 22.000000
1075 1074 295 267 1 22.000000
1076 1077 268 296 1 24.000000
1077 1076 296 268 1 24.000000
1078 1079 269 297 1 22.000000
1079 1078 297 269 1 22.000000
1080 1081 270 298 1 8.000000
1081 1080 298 270 1 8.000000
1082 1083 271 299 1 33.000000
1083 1082 299 271 1 33.000000
1084 1085 272 300 1 10.000000
1085 1084 300 272 1 10.000000
1086 1087 273 301 1 14.000000
1087 1086 301 273 1 14.000000
1088 1089 274 302 1 9.000000
1089 1088 302 274 1 9.000000
1090 1091 275 303 1 16.000000
1091 1090 303 275 1 16.000000
1092 1093 276 304 1 9.000000
1093 1092 304 276 1 9.000000
1094 1095 277 305 1 13.000000
1095 1094 305 277 1 13.000000
1096 1097 278 306 1 19.000000
1097 1096 306 278 1 19.000000
1098 1099 279 307 1 17.000000
1099 1098 307 279 1 17.000000
1100 1101 280 281 1 22.000000
1101 1100 281 280 1 22.000000
1102 1103 281 282 1 10.000000
1103 1102 282 281 1 10.000000
1104 1105 282 283 1 10.000000
1105 1104 283 282 1 10.000000
1106 1107 283 284 1 6.000000
1107 1106 284 283 1 6.000000
1108 1109 284 285 1 25.000000
1109 1108 285 284 1 25.000000
1110 1111 285 286 1 27.000000
1111 1110 286 285 1 27.000000
1112 1113 286 287 1 20.000000
1113 1112 287 286 1 20.000000
1114 1115 287 288 1 19.000000
1115 1114 288 287 1 19.000000
1116 1117 288 289 1 11.000000
1117 1116 289 288 1 11.000000
1118 1119 289 290 1 24.000000
1119 1118 290 289 1 24.000000
1120 1121 290 291 1 15.000000
1121 1120 291 290 1 15.000000
1122 1123 291 292 1 36.000000
1123 1122 292 291 1 36.000000
1124 1125 292 293 1 36.000000
1125 1124 293 292 1 36.000000
1126 1127 293 294 1 8.000000
1127 1126 294 293 1 8.000000
1128 1129 294 295 1 12.000000
1129 1128 295 294 1 12.000000
1130 1131 295 296 1 13.000000
1131 1130 296 295 1 13.000000
1132 1133 296 297 1 19.000000
1133 1132 297 296 1 19.000000
1134 1135 297 298 1 34.000000
1135 1134 298 297 1 34.000000
1136 1137 298 299 1 12.000000
1137 1136 299 298 1 12.000000
1138 1139 299 300 1 40.000000
1139 1138 300 299 1 40.000000
1140 1141 300 301 1 13.000000
1141 1140 301 300 1 13.000000
1142 1143 301 302 1 10.000000
1143 1142 302 301 1 10.000000
1144 1145 302 303 1 9.000000
1145 1144 303 302 1 9.000000
1146 1147 303 304 1 32.000000
1147 1146 304 303 1 32.000000
1148 1149 304 305 1 12.000000
1149 1148 305 304 1 12.000000
1150 1151 305 306 1 24.000000
1151 1150 306 305 1 24.000000
1152 1153 306 307 1 9.000000
1153 1152 307 306 1 9.000000
1154 1155 280 308 1 11.000000
1155 1154 308 280 1 11.000000
1156 1157 281 309 1 25.000000
1157 1156 309 281 1 25.000000
1158 1159 282 310 1 18.000000
1159 1158 310 282 1 18.000000
1160 1161 283 311 1 15.000000
1161 1160 311 283 1 15.000000
1162 1163 284 312 1 14.000000
1163 1162 312 284 1 14.000000
1164 1165 285 313 1 34.000000
1165 1164 313 285 1 34.000000
1166 1167 286 314 1 28.000000
1167 1166 314 286 1 28.000000
1168 1169 287 315 1 14.000000
1169 1168 315 287 1 14.000000
1170 1171 288 316 1 31.000000
1171 1170 316 288 1 31.000000
1172 1173 289 317 1 26.000000
1173 1172 317 289 1 26.000000
1174 1175 290 318 1 14.000000
1175 1174 318 290 1 14.000000
1176 1177 291 319 1 9.000000
1177 1176 319 291 1 9.000000
1178 1179 292 320 1 36.000000
1179 1178 320 292 1 36.000000
1180 1181 293 321 1 0.000000
1181 1180 321 293 1 0.000000
1182 1183 294 322 1 12.000000
1183 1182 322 294 1 12.000000
1184 1185 295 323 1 24.000000
1185 1184 323 295 1 24.000000
1186 1187 296 324 1 23.000000
1187 1186 324 296 1 23.000000
1188 1189 297 325 1 23.000000
1189 1188 325 297 1 23.000000
1190 1191 298 326 1 9.000000
1191 1190 326 298 1 9.000000
1192 1193 299 327 1 32.000000
1193 1192 327 299 1 32.000000
1194 1195 300 328 1 8.000000
1195 1194 328 300 1 8.000000
1196 1197 301 329 1 11.000000
1197 1196 329 301 1 11.000000
1198 1199 302 330 1 24.000000
1199 1198 330 302 1 24.000000
1200 1201 303 331 1 18.000000
1201 1200 331 303 1 18.000000
1202 1203 304 332 1 11.000000
1203 1202 332 304 1 11.000000
1204 1205 305 333 1 20.000000
1205 1204 333 305 1 20.000000
1206 1207 306 334 1 15.000000
1207 1206 334 306 1 15.000000
1208 1209 307 335 1 19.000000
1209 1208 335 307 1 19.000000
1210 1211 308 309 1 12.000000
1211 1210 309 308 1 12.000000
1212 1213 309 310 1 5.000000
1213 1212 310 309 1 5.000000
1214 1215 310 311 1 11.000000
1215 1214 311 310 1 11.000000
1216 1217 311 312 1 23.000000
1217 1216 312 311 1 23.000000
1218 1219 312 313 1 15.000000
1219 1218 313 312 1 15.000000
1220 1221 313 314 1 5.000000
1221 1220 314 313 1 5.000000
1222 1223 314 315 1 10.000000
1223 1222 315 314 1 10.000000
1224 1225 315 316 1 18.000000
1225 1224 316 315 1 18.000000
1226 1227 316 317 1 24.000000
1227 1226 317 316 1 24.000000
1228 1229 317 318 1 12.000000
1229 1228 318 317 1 12.000000
1230 1231 318 319 1 10.000000
1231 1230 319 318 1 10.000000
1232 1233 319 320 1 17.000000
1233 1232 320 319 1 17.000000
1234 1235 320 321 1 10.000000
1235 1234 321 320 1 10.000000
1236 1237 321 322 1 10.000000
1237 1236 322 321 1 10.000000
1238 1239 322 323 1 24.000000
1239 1238 323 322 1 24.000000
1240 1241 323 324 1 12.000000
1241 1240 324 323 1 12.000000
1242 1243 324 325 1 7.000000
1243 1242 325 324 1 7.000000
1244 1245 325 326 1 8.000000
1245 1244 326 325 1 8.000000
1246 1247 326 327 1 23.000000
1247 1246 327 326 1 23.000000
1248 1249 327 328 1 12.000000
1249 1248 328 327 1 12.000000
1250 1251 328 329 1 10.000000
1251 1250 329 328 1 10.000000
1252 1253 329 330 1 7.000000
1253 1252 330 329 1 7.000000
1254 1255 330 331 1 19.000000
1255 1254 331 330 1 19.000000
1256 1257 331 332 1 21.000000
1257 1256 332 331 1 21.000000
1258 1259 332 333 1 3.000000
1259 1258 333 332 1 3.000000
1260 1261 333 334 1 25.000000
1261 1260 334 333 1 25.000000
1262 1263 334 335 1 23.000000
1263 1262 335 334 1 23.000000
1264 1265 308 336 1 17.000000
1265 1264 336 308 1 17.000000
1266 1267 309 337 1 16.000000
1267 1266 337 309 1 16.000000
1268 1269 310 338 1 14.000000
1269 1268 338 310 1 14.000000
1270 1271 311 339 1 6.000000
1271 1270 339 311 1 6.000000
1272 1273 312 340 1 32.000000
1273 1272 340 312 1 32.000000
1274 1275 313 341 1 22.000000
1275 1274 341 313 1 22.000000
1276 1277 314 342 1 9.000000
1277 1276 342 314 1 9.000000
1278 1279 315 343 1 11.000000
1279 1278 343 315 1 11.000000
1280 1281 316 344 1 14.000000
1281 1280 344 316 1 14.000000
1282 1283 317 345 1 6.000000
1283 1282 345 317 1 6.000000
1284 1285 318 346 1 9.000000
1285 1284 346 318 1 9.000000
1286 1287 319 347 1 11.000000
1287 1286 347 319 1 11.000000
1288 1289 320 348 1 13.000000
1289 1288 348 320 1 13.000000
1290 1291 321 349 1 20.000000
1291 1290 349 321 1 20.000000
1292 1293 322 350 1 31.000000
1293 1292 350 322 1 31.000000
1294 1295 323 351 1 22.000000
1295 1294 351 323 1 22.000000
1296 1297 324 352 1 30.000000
1297 1296 352 324 1 30.000000
1298 1299 325 353 1 21.000000
1299 1298 353 325 1 21.000000
1300 1301 326 354 1 19.000000
1301 1300 354 326 1 19.000000
1302 1303 327 355 1 28.000000
1303 1302 355 327 1 28.000000
1304 1305 328 356 1 37.000000
1305 1304 356 328 1 37.000000
1306 1307 329 357 1 17.000000
1307 1306 357 329 1 17.000000
1308 1309 330 358 1 19.000000
1309 1308 358 330 1 19.000000
1310 1311 331 359 1 15.000000
1311 1310 359 331 1 15.000000
1312 1313 332 360 1 26.000000
1313 1312 360 332 1 26.000000
1314 1315 333 361 1 37.000000
1315 1314 361 333 1 37.000000
1316 1317 334 362 1 16.000000
1317 1316 362 334 1 16.000000
1318 1319 335 363 1 10.000000
1319 1318 363 335 1 10.000000
1320 1321 336 337 1 31.000000
1321 1320 337 336 1 31.000000
1322 1323 337 338 1 27.000000
1323 1322 338 337 1 27.000000
1324 1325 338 339 1 29.000000
1325 1324 339 338 1 29.000000
1326 1327 339 340 1 5.000000
1327 1326 340 339 1 5.000000
1328 1329 340 341 1 11.000000
1329 1328 341 340 1 11.000000
1330 1331 341 342 1 28.000000
1331 1330 342 341 1 28.000000
1332 1333 342 343 1 8.000000
1333 1332 343 342 1 8.000000
1334 1335 343 344 1 33.000000
1335 1334 344 343 1 33.000000
1336 1337 344 345 1 24.000000
1337 1336 345 344 1 24.000000
1338 1339 345 346 1 9.000000
1339 1338 346 345 1 9.000000
1340 1341 346 347 1 8.000000
1341 1340 347 346 1 8.000000
1342 1343 347 348 1 15.000000
1343 1342 348 347 1 15.000000
1344 1345 348 349 1 33.000000
1345 1344 349 348 1 33.000000
1346 1347 349 350 1 7.000000
1347 1346 350 349 1 7.000000
1348 1349 350 351 1 19.000000
1349 1348 351 350 1 19.000000
1350 1351 351 352 1 20.000000
1351 1350 352 351 1 20.000000
1352 1353 352 353 1 12.000000
1353 1352 353 352 1 12.000000
1354 1355 353 354 1 18.000000
1355 1354 354 353 1 18.000000
1356 1357 354 355 1 26.000000
1357 1356 355 354 1 26.000000
1358 1359 355 356 1 23.000000
1359 1358 356 355 1 23.000000
1360 1361 356 357 1 34.000000
1361 1360 357 356 1 34.000000
1362 1363 357 358 1 17.000000
1363 1362 358 357 1 17.000000
1364 1365 358 359 1 15.000000
1365 1364 359 358 1 15.000000
1366 1367 359 360 1 12.000000
1367 1366 360 359 1 12.000000
1368 1369 360 361 1 14.000000
1369 1368 361 360 1 14.000000
1370 1371 361 362 1 22.000000
1371 1370 362 361 1 22.000000
1372 1373 362 363 1 9.000000
1373 1372 363 362 1 9.000000
1374 1375 336 364 1 22.000000
1375 1374 364 336 1 22.000000
1376 1377 337 365 1 32.000000
1377 1376 365 337 1 32.000000
1378 1379 338 366 1 12.000000
1379 1378 366 338 1 12.000000
1380 1381 339 367 1 22.000000
1381 1380 367 339 1 22.000000
1382 1383 340 368 1 12.000000
1383 1382 368 340 1 12.000000
1384 1385 341 369 1 18.000000
1385 1384 369 341 1 18.000000
1386 1387 342 370 1 20.000000
1387 1386 370 342 1 20.000000
1388 1389 343 371 1 31.000000
1389 1388 371 343 1 31.000000
1390 1391 344 372 1 38.000000
1391 1390 372 344 1 38.000000
1392 1393 345 373 1 23.000000
1393 1392 373 345 1 23.000000
1394 1395 346 374 1 7.000000
1395 1394 374 346 1 7.000000
1396 1397 347 375 1 15.000000
1397 1396 375 347 1 15.000000
1398 1399 348 376 1 28.000000
1399 1398 376 348 1 28.000000
1400 1401 349 377 1 20.000000
1401 1400 377 349 1 20.000000
1402 1403 350 378 1 19.000000
1403 1402 378 350 1 19.000000
1404 1405 351 379 1 17.000000
1405 1404 379 351 1 17.000000
1406 1407 352 380 1 36.000000
1407 1406 380 352 1 36.000000
1408 1409 353 381 1 5.000000
1409 1408 381 353 1 5.000000
1410 1411 354 382 1 30.000000
1411 1410 382 354 1 30.000000
1412 1413 355 383 1 12.000000
1413 1412 383 355 1 12.000000
1414 1415 356 384 1 8.000000
1415 1414 384 356 1 8.000000
1416 1417 357 385 1 18.000000
1417 1416 385 357 1 18.000000
1418 1419 358 386 1 13.000000
1419 1418 386 358 1 13.000000
1420 1421 359 387 1 21.000000
1421 1420 387 359 1 21.000000
1422 1423 360 388 1 6.000000
1423 1422 388 360 1 6.000000
1424 1425 361 389 1 8.000000
1425 1424 389 361 1 8.000000
1426 1427 362 390 1 19.000000
1427 1426 390 362 1 19.000000
1428 1429 363 391 1 14.000000
1429 1428 391 363 1 14.000000
1430 1431 364 365 1 23.000000
1431 1430 365 364 1 23.000000
1432 1433 365 366 1 21.000000
1433 1432 366 365 1 21.000000
1434 1435 366 367 1 23.000000
1435 1434 367 366 1 23.000000
1436 1437 367 368 1 25.000000
1437 1436 368 367 1 25.000000
1438 1439 368 369 1 15.000000
1439 1438 369 368 1 15.000000
1440 1441 369 370 1 46.000000
1441 1440 370 369 1 46.000000
1442 1443 370 371 1 17.000000
1443 1442 371 370 1 17.000000
1444 1445 371 372 1 36.000000
1445 1444 372 371 1 36.000000
1446 1447 372 373 1 7.000000
1447 1446 373 372 1 7.000000
1448 1449 373 374 1 15.000000
1449 1448 374 373 1 15.000000
1450 1451 374 375 1 12.000000
1451 1450 375 374 1 12.000000
1452 1453 375 376 1 10.000000
1453 1452 376 375 1 10.000000
1454 1455 376 377 1 17.000000
1455 1454 377 376 1 17.000000
1456 1457 377 378 1 8.000000
1457 1456 378 377 1 8.000000
1458 1459 378 379 1 33.000000
1459 1458 379 378 1 33.000000
1460 1461 379 380 1 39.000000
1461 1460 380 379 1 39.000000
1462 1463 380 381 1 39.000000
1463 1462 381 380 1 39.000000
1464 1465 381 382 1 11.000000
1465 1464 382 381 1 11.000000
1466 1467 382 383 1 42.000000
1467 1466 383 382 1 42.000000
1468 1469 383 384 1 19.000000
1469 1468 384 383 1 19.000000
1470 1471 384 385 1 12.000000
1471 1470 385 384 1 12.000000
1472 1473 385 386 1 10.000000
1473 1472 386 385 1 10.000000
1474 1475 386 387 1 19.000000
1475 1474 387 386 1 19.000000
1476 1477 387 388 1 15.000000
1477 1476 388 387 1 15.000000
1478 1479 388 389 1 18.000000
1479 1478 389 388 1 18.000000
1480 1481 389 390 1 35.000000
1481 1480 390 389 1 35.000000
1482 1483 390 391 1 32.000000
1483 1482 391 390 1 32.000000
1484 1485 364 392 1 26.000000
1485 1484 392 364 1 26.000000
1486 1487 365 393 1 45.000000
1487 1486 393 365 1 45.000000
1488 1489 366 394 1 23.000000
1489 1488 394 366 1 23.000000
1490 1491 367 395 1 36.000000
1491 1490 395 367 1 36.000000
1492 1493 368 396 1 15.000000
1493 1492 396 368 1 15.000000
1494 1495 369 397 1 9.000000
1495 1494 397 369 1 9.000000
1496 1497 370 398 1 44.000000
1497 1496 398 370 1 44.000000
1498 1499 371 399 1 17.000000
1499 1498 399 371 1 17.000000
1500 1501 372 400 1 12.000000
1501 1500 400 372 1 12.000000
1502 1503 373 401 1 19.000000
1503 1502 401 373 1 19.000000
1504 1505 374 402 1 24.000000
1505 1504 402 374 1 24.000000
1506 1507 375 403 1 22.000000
1507 1506 403 375 1 22.000000
1508 1509 376 404 1 15.000000
1509 1508 404 376 1 15.000000
1510 1511 377 405 1 28.000000
1511 1510 405 377 1 28.000000
1512 1513 378 406 1 22.000000
1513 1512 406 378 1 22.000000
1514 1515 379 407 1 17.000000
1515 1514 407 379 1 17.000000
1516 1517 380 408 1 24.000000
1517 1516 408 380 1 24.000000
1518 1519 381 409 1 6.000000
1519 1518 409 381 1 6.000000
1520 1521 382 410 1 38.000000
1521 1520 410 382 1 38.000000
1522 1523 383 411 1 12.000000
1523 1522 411 383 1 12.000000
1524 1525 384 412 1 31.000000
1525 1524 412 384 1 31.000000
1526 1527 385 413 1 9.000000
1527 1526 413 385 1 9.000000
1528 1529 386 414 1 16.000000
1529 1528 414 386 1 16.000000
1530 1531 387 415 1 16.000000
1531 1530 415 387 1 16.000000
1532 1533 388 416 1 6.000000
1533 1532 416 388 1 6.000000
1534 1535 389 417 1 8.000000
1535 1534 417 389 1 8.000000
1536 1537 390 418 1 30.000000
1537 1536 418 390 1 30.000000
1538 1539 391 419 1 13.000000
1539 1538 419 391 1 13.000000
1540 1541 392 393 1 22.000000
1541 1540 393 392 1 22.000000
1542 1543 393 394 1 43.000000
1543 1542 394 393 1 43.000000
1544 1545 394 395 1 22.000000
1545 1544 395 394 1 22.000000
1546 1547 395 396 1 24.000000
1547 1546 396 395 1 24.000000
1548 1549 396 397 1 7.000000
1549 1548 397 396 1 7.000000
1550 1551 397 398 1 19.000000
1551 1550 398 397 1 19.000000
1552 1553 398 399 1 18.000000
1553 1552 399 398 1 18.000000
1554 1555 399 400 1 37.000000
1555 1554 400 399 1 37.000000
1556 1557 400 401 1 16.000000
1557 1556 401 400 1 16.000000
1558 1559 401 402 1 42.000000
1559 1558 402 401 1 42.000000
1560 1561 402 403 1 24.000000
1561 1560 403 402 1 24.000000
1562 1563 403 404 1 27.000000
1563 1562 404 403 1 27.000000
1564 1565 404 405 1 26.000000
1565 1564 405 404 1 26.000000
1566 1567 405 406 1 24.000000
1567 1566 406 405 1 24.000000
1568 1569 406 407 1 16.000000
1569 1568 407 406 1 16.000000
1570 1571 407 408 1 40.000000
1571 1570 408 407 1 40.000000
1572 1573 408 409 1 19.000000
1573 1572 409 408 1 19.000000
1574 1575 409 410 1 37.000000
1575 1574 410 409 1 37.000000
1576 1577 410 411 1 42.000000
1577 1576 411 410 1 42.000000
1578 1579 411 412 1 6.000000
1579 1578 412 411 1 6.000000
1580 1581 412 413 1 24.000000
1581 1580 413 412 1 24.000000
1582 1583 413 414 1 13.000000
1583 1582 414 413 1 13.000000
1584 1585 414 415 1 11.000000
1585 1584 415 414 1 11.000000
1586 1587 415 416 1 31.000000
1587 1586 416 415 1 31.000000
1588 1589 416 417 1 18.000000
1589 1588 417 416 1 18.000000
1590 1591 417 418 1 19.000000
1591 1590 418 417 1 19.000000
1592 1593 418 419 1 23.000000
1593 1592 419 418 1 23.000000
1594 1595 392 420 1 14.000000
1595 1594 420 392 1 14.000000
1596 1597 393 421 1 46.000000
1597 1596 421 393 1 46.000000
1598 1599 394 422 1 7.000000
1599 1598 422 394 1 7.000000
1600 1601 395 423 1 25.000000
1601 1600 423 395 1 25.000000
1602 1603 396 424 1 31.000000
1603 1602 424 396 1 31.000000
1604 1605 397 425 1 28.000000
1605 1604 425 397 1 28.000000
1606 1607 398 426 1 14.000000
1607 1606 426 398 1 14.000000
1608 1609 399 427 1 20.000000
1609 1608 427 399 1 20.000000
1610 1611 400 428 1 3.000000
1611 1610 428 400 1 3.000000
1612 1613 401 429 1 21.000000
1613 1612 429 401 1 21.000000
1614 1615 402 430 1 16.000000
1615 1614 430 402 1 16.000000
1616 1617 403 431 1 16.000000
1617 1616 431 403 1 16.000000
1618 1619 404 432 1 46.000000
1619 1618 432 404 1 46.000000
1620 1621 405 433 1 21.000000
1621 1620 433 405 1 21.000000
1622 1623 406 434 1 21.000000
1623 1622 434 406 1 21.000000
1624 1625 407 435 1 0.000000
1625 1624 435 407 1 0.000000
1626 1627 408 436 1 16.000000
1627 1626 436 408 1 16.000000
1628 1629 409 437 1 18.000000
1629 1628 437 409 1 18.000000
1630 1631 410 438 1 28.000000
1631 1630 438 410 1 28.000000
1632 1633 411 439 1 16.000000
1633 1632 439 411 1 16.000000
1634 1635 412 440 1 7.000000
1635 1634 440 412 1 7.000000
1636 1637 413 441 1 12.000000
1637 1636 441 413 1 12.000000
1638 1639 414 442 1 9.000000
1639 1638 442 414 1 9.000000
1640 1641 415 443 1 24.000000
1641 1640 443 415 1 24.000000
1642 1643 416 444 1 25.000000
1643 1642 444 416 1 25.000000
1644 1645 417 445 1 16.000000
1645 1644 445 417 1 16.000000
1646 1647 418 446 1 12.000000
1647 1646 446 418 1 12.000000
1648 1649 419 447 1 13.000000
1649 1648 447 419 1 13.000000
1650 1651 420 421 1 30.000000
1651 1650 421 420 1 30.000000
1652 1653 421 422 1 18.000000
1653 1652 422 421 1 18.000000
1654 1655 422 423 1 0.000000
1655 1654 423 422 1 0.000000
1656 1657 423 424 1 4.000000
1657 1656 424 423 1 4.000000
1658 1659 424 425 1 12.000000
1659 1658 425 424 1 12.000000
1660 1661 425 426 1 25.000000
1661 1660 426 425 1 25.000000
1662 1663 426 427 1 10.000000
1663 1662 427 426 1 10.000000
1664 1665 427 428 1 30.000000
1665 1664 428 427 1 30.000000
1666 1667 428 429 1 28.000000
1667 1666 429 428 1 28.000000
1668 1669 429 430 1 23.000000
1669 1668 430 429 1 23.000000
1670 1671 430 431 1 14.000000
1671 1670 431 430 1 14.000000
1672 1673 431 432 1 29.000000
1673 1672 432 431 1 29.000000
1674 1675 432 433 1 57.000000
1675 1674 433 432 1 57.000000
1676 1677 433 434 1 20.000000
1677 1676 434 433 1 20.000000
1678 1679 434 435 1 13.000000
1679 1678 435 434 1 13.000000
1680 1681 435 436 1 30.000000
1681 1680 436 435 1 30.000000
1682 1683 436 437 1 13.000000
1683 1682 437 436 1 13.000000
1684 1685 437 438 1 19.000000
1685 1684 438 437 1 19.000000
1686 1687 438 439 1 8.000000
1687 1686 439 438 1 8.000000
1688 1689 439 440 1 13.000000
1689 1688 440 439 1 13.000000
1690 1691 440 441 1 29.000000
1691 1690 441 440 1 29.000000
1692 1693 441 442 1 22.000000
1693 1692 442 441 1 22.000000
1694 1695 442 443 1 28.000000
1695 1694 443 442 1 28.000000
1696 1697 443 444 1 20.000000
1697 1696 444 443 1 20.000000
1698 1699 444 445 1 5.000000
1699 1698 445 444 1 5.000000
1700 1701 445 446 1 5.000000
1701 1700 446 445 1 5.000000
1702 1703 446 447 1 26.000000
1703 1702 447 446 1 26.000000
1704 1705 420 448 1 19.000000
1705 1704 448 420 1 19.000000
1706 1707 421 449 1 17.000000
1707 1706 449 421 1 17.000000
1708 1709 422 450 1 17.000000
1709 1708 450 422 1 17.000000
1710 1711 423 451 1 10.000000
1711 1710 451 423 1 10.000000
1712 1713 424 452 1 4.000000
1713 1712 452 424 1 4.000000
1714 1715 425 453 1 12.000000
1715 1714 453 425 1 12.000000
1716 1717 426 454 1 15.000000
1717 1716 454 426 1 15.000000
1718 1719 427 455 1 6.000000
1719 1718 455 427 1 6.000000
1720 1721 428 456 1 9.000000
1721 1720 456 428 1 9.000000
1722 1723 429 457 1 21.000000
1723 1722 457 429 1 21.000000
1724 1725 430 458 1 10.000000
1725 1724 458 430 1 10.000000
1726 1727 431 459 1 14.000000
1727 1726 459 431 1 14.000000
1728 1729 432 460 1 12.000000
1729 1728 460 432 1 12.000000
1730 1731 433 461 1 26.000000
1731 1730 461 433 1 26.000000
1732 1733 434 462 1 67.000000
1733 1732 462 434 1 67.000000
1734 1735 435 463 1 14.000000
1735 1734 463 435 1 14.000000
1736 1737 436 464 1 28.000000
1737 1736 464 436 1 28.000000
1738 1739 437 465 1 15.000000
1739 1738 465 437 1 15.000000
1740 1741 438 466 1 23.000000
1741 1740 466 438 1 23.000000
1742 1743 439 467 1 13.000000
1743 1742 467 439 1 13.000000
1744 1745 440 468 1 23.000000
1745 1744 468 440 1 23.000000
1746 1747 441 469 1 9.000000
1747 1746 469 441 1 9.000000
1748 1749 442 470 1 21.000000
1749 1748 470 442 1 21.000000
1750 1751 443 471 1 4.000000
1751 1750 471 443 1 4.000000
1752 1753 444 472 1 14.000000
1753 1752 472 444 1 14.000000
1754 1755 445 473 1 12.000000
1755 1754 473 445 1 12.000000
1756 1757 446 474 1 7.000000
1757 1756 474 446 1 7.000000
1758 1759 447 475 1 20.000000
1759 1758 475 447 1 20.000000
1760 1761 448 449 1 26.000000
1761 1760 449 448 1 26.000000
1762 1763 449 450 1 12.000000
1763 1762 450 449 1 12.000000
1764 1765 450 451 1 7.000000
1765 1764 451 450 1 7.000000
1766 1767 451 452 1 10.000000
1767 1766 452 451 1 10.000000
1768 1769 452 453 1 0.000000
1769 1768 453 452 1 0.000000
1770 1771 453 454 1 14.000000
1771 1770 454 453 1 14.000000
1772 1773 454 455 1 25.000000
1773 1772 455 454 1 25.000000
1774 1775 455 456 1 27.000000
1775 1774 456 455 1 27.000000
1776 1777 456 457 1 28.000000
1777 1776 457 456 1 28.000000
1778 1779 457 458 1 16.000000
1779 1778 458 457 1 16.000000
1780 1781 458 459 1 14.000000
1781 1780 459 458 1 14.000000
1782 1783 459 460 1 25.000000
1783 1782 460 459 1 25.000000
1784 1785 460 461 1 21.000000
1785 1784 461 460 1 21.000000
1786 1787 461 462 1 79.000000
1787 1786 462 461 1 79.000000
1788 1789 462 463 1 54.000000
1789 1788 463 462 1 54.000000
1790 1791 463 464 1 12.000000
1791 1790 464 463 1 12.000000
1792 1793 464 465 1 0.000000
1793 1792 465 464 1 0.000000
1794 1795 465 466 1 21.000000
1795 1794 466 465 1 21.000000
1796 1797 466 467 1 8.000000
1797 1796 467 466 1 8.000000
1798 1799 467 468 1 17.000000
1799 1798 468 467 1 17.000000
1800 1801 468 469 1 9.000000
1801 1800 469 468 1 9.000000
1802 1803 469 470 1 16.000000
1803 1802 470 469 1 16.000000
1804 1805 470 471 1 15.000000
1805 1804 471 470 1 15.000000
1806 1807 471 472 1 26.000000
1807 1806 472 471 1 26.000000
1808 1809 472 473 1 5.000000
1809 1808 473 472 1 5.000000
1810 1811 473 474 1 12.000000
1811 1810 474 473 1 12.000000
1812 1813 474 475 1 7.000000
1813 1812 475 474 1 7.000000
1814 1815 448 476 1 10.000000
1815 1814 476 448 1 10.000000
1816 1817 449 477 1 26.000000
1817 1816 477 449 1 26.000000
1818 1819 450 478 1 15.000000
1819 1818 478 450 1 15.000000
1820 1821 451 479 1 4.000000
1821 1820 479 451 1 4.000000
1822 1823 452 480 1 14.000000
1823 1822 480 452 1 14.000000
1824 1825 453 481 1 26.000000
1825 1824 481 453 1 26.000000
1826 1827 454 482 1 24.000000
1827 1826 482 454 1 24.000000
1828 1829 455 483 1 17.000000
1829 1828 483 455 1 17.000000
1830 1831 456 484 1 8.000000
1831 1830 484 456 1 8.000000
1832 1833 457 485 1 13.000000
1833 1832 485 457 1 13.000000
1834 1835 458 486 1 12.000000
1835 1834 486 458 1 12.000000
1836 1837 459 487 1 19.000000
1837 1836 487 459 1 19.000000
1838 1839 460 488 1 33.000000
1839 1838 488 460 1 33.000000
1840 1841 461 489 1 12.000000
1841 1840 489 461 1 12.000000
1842 1843 462 490 1 64.000000
1843 1842 490 462 1 64.000000
1844 1845 463 491 1 8.000000
1845 1844 491 463 1 8.000000
1846 1847 464 492 1 23.000000
1847 1846 492 464 1 23.000000
1848 1849 465 493 1 20.000000
1849 1848 493 465 1 20.000000
1850 1851 466 494 1 15.000000
1851 1850 494 466 1 15.000000
1852 1853 467 495 1 17.000000
1853 1852 495 467 1 17.000000
1854 1855 468 496 1 13.000000
1855 1854 496 468 1 13.000000
1856 1857 469 497 1 10.000000
1857 1856 497 469 1 10.000000
1858 1859 470 498 1 18.000000
1859 1858 498 470 1 18.000000
1860 1861 471 499 1 26.000000
1861 1860 499 471 1 26.000000
1862 1863 472 500 1 24.000000
1863 1862 500 472 1 24.000000
1864 1865 473 501 1 28.000000
1865 1864 501 473 1 28.000000
1866 1867 474 502 1 8.000000
1867 1866 502 474 1 8.000000
1868 1869 475 503 1 16.000000
1869 1868 503 475 1 16.000000
1870 1871 476 477 1 22.000000
1871 1870 477 476 1 22.000000
1872 1873 477 478 1 15.000000
1873 1872 478 477 1 15.000000
1874 1875 478 479 1 10.000000
1875 1874 479 478 1 10.000000
1876 1877 479 480 1 0.000000
1877 1876 480 479 1 0.000000
1878 1879 480 481 1 14.000000
1879 1878 481 480 1 14.000000
1880 1881 481 482 1 36.000000
1881 1880 482 481 1 36.000000
1882 1883 482 483 1 60.000000
1883 1882 483 482 1 60.000000
1884 1885 483 484 1 42.000000
1885 1884 484 483 1 42.000000
1886 1887 484 485 1 25.000000
1887 1886 485 484 1 25.000000
1888 1889 485 486 1 9.000000
1889 1888 486 485 1 9.000000
1890 1891 486 487 1 7.000000
1891 1890 487 486 1 7.000000
1892 1893 487 488 1 15.000000
1893 1892 488 487 1 15.000000
1894 1895 488 489 1 0.000000
1895 1894 489 488 1 0.000000
1896 1897 489 490 1 5.000000
1897 1896 490 489 1 5.000000
1898 1899 490 491 1 6.000000
1899 1898 491 490 1 6.000000
1900 1901 491 492 1 27.000000
1901 1900 492 491 1 27.000000
1902 1903 492 493 1 5.000000
1903 1902 493 492 1 5.000000
1904 1905 493 494 1 26.000000
1905 1904 494 493 1 26.000000
1906 1907 494 495 1 0.000000
1907 1906 495 494 1 0.000000
1908 1909 495 496 1 13.000000
1909 1908 496 495 1 13.000000
1910 1911 496 497 1 8.000000
1911 1910 497 496 1 8.000000
1912 1913 497 498 1 10.000000
1913 1912 498 497 1 10.000000
1914 1915 498 499 1 7.000000
1915 1914 499 498 1 7.000000
1916 1917 499 500 1 10.000000
1917 1916 500 499 1 10.000000
1918 1919 500 501 1 17.000000
1919 1918 501 500 1 17.000000
1920 1921 501 502 1 26.000000
1921 1920 502 501 1 26.000000
1922 1923 502 503 1 9.000000
1923 1922 503 502 1 9.000000
1924 1925 476 504 1 18.000000
1925 1924 504 476 1 18.000000
1926 1927 477 505 1 16.000000
1927 1926 505 477 1 16.000000
1928 1929 478 506 1 10.000000
1929 1928 506 478 1 10.000000
1930 1931 479 507 1 14.000000
1931 1930 507 479 1 14.000000
1932 1933 480 508 1 23.000000
1933 1932 508 480 1 23.000000
1934 1935 481 509 1 34.000000
1935 1934 509 481 1 34.000000
1936 1937 482 510 1 11.000000
1937 1936 510 482 1 11.000000
1938 1939 483 511 1 47.000000
1939 1938 511 483 1 47.000000
1940 1941 484 512 1 11.000000
1941 1940 512 484 1 11.000000
1942 1943 485 513 1 23.000000
1943 1942 513 485 1 23.000000
1944 1945 486 514 1 13.000000
1945 1944 514 486 1 13.000000
1946 1947 487 515 1 10.000000
1947 1946 515 487 1 10.000000
1948 1949 488 516 1 11.000000
1949 1948 516 488 1 11.000000
1950 1951 489 517 1 22.000000
1951 1950 517 489 1 22.000000
1952 1953 490 518 1 24.000000
1953 1952 518 490 1 24.000000
1954 1955 491 519 1 12.000000
1955 1954 519 491 1 12.000000
1956 1957 492 520 1 17.000000
1957 1956 520 492 1 17.000000
1958 1959 493 521 1 16.000000
1959 1958 521 493 1 16.000000
1960 1961 494 522 1 13.000000
1961 1960 522 494 1 13.000000
1962 1963 495 523 1 31.000000
1963 1962 523 495 1 31.000000
1964 1965 496 524 1 24.000000
1965 1964 524 496 1 24.000000
1966 1967 497 525 1 0.000000
1967 1966 525 497 1 0.000000
1968 1969 498 526 1 13.000000
1969 1968 526 498 1 13.000000
1970 1971 499 527 1 2.000000
1971 1970 527 499 1 2.000000
1972 1973 500 528 1 14.000000
1973 1972 528 500 1 14.000000
1974 1975 501 529 1 23.000000
1975 1974 529 501 1 23.000000
1976 1977 502 530 1 10.000000
1977 1976 530 502 1 10.000000
1978 1979 503 531 1 25.000000
1979 1978 531 503 1 25.000000
1980 1981 504 505 1 12.000000
1981 1980 505 504 1 12.000000
1982 1983 505 506 1 21.000000
1983 1982 506 505 1 21.000000
1984 1985 506 507 1 14.000000
1985 1984 507 506 1 14.000000
1986 1987 507 508 1 9.000000
1987 1986 508 507 1 9.000000
1988 1989 508 509 1 11.000000
1989 1988 509 508 1 11.000000
1990 1991 509 510 1 7.000000
1991 1990 510 509 1 7.000000
1992 1993 510 511 1 12.000000
1993 1992 511 510 1 12.000000
1994 1995 511 512 1 0.000000
1995 1994 512 511 1 0.000000
1996 1997 512 513 1 11.000000
1997 1996 513 512 1 11.000000
1998 1999 513 514 1 7.000000
1999 1998 514 513 1 7.000000
2000 2001 514 515 1 8.000000
2001 2000 515 514 1 8.000000
2002 2003 515 516 1 14.000000
2003 2002 516 515 1 14.000000
2004 2005 516 517 1 33.000000
2005 2004 517 516 1 33.000000
2006 2007 517 518 1 13.000000
2007 2006 518 517 1 13.000000
2008 2009 518 519 1 30.000000
2009 2008 519 518 1 30.000000
2010 2011 519 520 1 36.000000
2011 2010 520 519 1 36.000000
2012 2013 520 521 1 24.000000
2013 2012 521 520 1 24.000000
2014 2015 521 522 1 25.000000
2015 2014 522 521 1 25.000000
2016 2017 522 523 1 30.000000
2017 2016 523 522 1 30.000000
2018 2019 523 524 1 10.000000
2019 2018 524 523 1 10.000000
2020 2021 524 525 1 20.000000
2021 2020 525 524 1 20.000000
2022 2023 525 526 1 15.000000
2023 2022 526 525 1 15.000000
2024 2025 526 527 1 20.000000
2025 2024 527 526 1 20.000000
2026 2027 527 528 1 6.000000
2027 2026 528 527 1 6.000000
2028 2029 528 529 1 14.000000
2029 2028 529 528 1 14.000000
2030 2031 529 530 1 13.000000
2031 2030 530 529 1 13.000000
2032 2033 530 531 1 14.000000
2033 2032 531 530 1 14.000000
2034 2035 504 532 1 20.000000
2035 2034 532 504 1 20.000000
2036 2037 505 533 1 29.000000
2037 2036 533 505 1 29.000000
2038 2039 506 534 1 0.000000
2039 2038 534 506 1 0.000000
2040 2041 507 535 1 12.000000
2041 2040 535 507 1 12.000000
2042 2043 508 536 1 10.000000
2043 2042 536 508 1 10.000000
2044 2045 509 537 1 15.000000
2045 2044 537 509 1 15.000000
2046 2047 510 538 1 18.000000
2047 2046 538 510 1 18.000000
2048 2049 511 539 1 30.000000
2049 2048 539 511 1 30.000000
2050 2051 512 540 1 20.000000
2051 2050 540 512 1 20.000000
2052 2053 513 541 1 4.000000
2053 2052 541 513 1 4.000000
2054 2055 514 542 1 12.000000
2055 2054 542 514 1 12.000000
2056 2057 515 543 1 21.000000
2057 2056 543 515 1 21.000000
2058 2059 516 544 1 29.000000
2059 2058 544 516 1 29.000000
2060 2061 517 545 1 10.000000
2061 2060 545 517 1 10.000000
2062 2063 518 546 1 6.000000
2063 2062 546 518 1 6.000000
2064 2065 519 547 1 28.000000
2065 2064 547 519 1 28.000000
2066 2067 520 548 1 37.000000
2067 2066 548 520 1 37.000000
2068 2069 521 549 1 40.000000
2069 2068 549 521 1 40.000000
2070 2071 522 550 1 12.000000
2071 2070 550 522 1 12.000000
2072 2073 523 551 1 37.000000
2073 2072 551 523 1 37.000000
2074 2075 524 552 1 8.000000
2075 2074 552 524 1 8.000000
2076 2077 525 553 1 16.000000
2077 2076 553 525 1 16.000000
2078 2079 526 554 1 18.000000
2079 2078 554 526 1 18.000000
2080 2081 527 555 1 6.000000
2081 2080 555 527 1 6.000000
2082 2083 528 556 1 12.000000
2083 2082 556 528 1 12.000000
2084 2085 529 557 1 20.000000
2085 2084 557 529 1 20.000000
2086 2087 530 558 1 19.000000
2087 2086 558 530 1 19.000000
2088 2089 531 559 1 23.000000
2089 2088 559 531 1 23.000000
2090 2091 532 533 1 7.000000
2091 2090 533 532 1 7.000000
2092 2093 533 534 1 12.000000
2093 2092 534 533 1 12.000000
2094 2095 534 535 1 16.000000
2095 2094 535 534 1 16.000000
2096 2097 535 536 1 23.000000
2097 2096 536 535 1 23.000000
2098 2099 536 537 1 0.000000
2099 2098 537 536 1 0.000000
2100 2101 537 538 1 36.000000
2101 2100 538 537 1 36.000000
2102 2103 538 539 1 14.000000
2103 2102 539 538 1 14.000000
2104 2105 539 540 1 20.000000
2105 2104 540 539 1 20.000000
2106 2107 540 541 1 33.000000
2107 2106 541 540 1 33.000000
2108 2109 541 542 1 15.000000
2109 2108 542 541 1 15.000000
2110 2111 542 543 1 13.000000
2111 2110 543 542 1 13.000000
2112 2113 543 544 1 36.000000
2113 2112 544 543 1 36.000000
2114 2115 544 545 1 8.000000
2115 2114 545 544 1 8.000000
2116 2117 545 546 1 17.000000
2117 2116 546 545 1 17.000000
2118 2119 546 547 1 18.000000
2119 2118 547 546 1 18.000000
2120 2121 547 548 1 19.000000
2121 2120 548 547 1 19.000000
2122 2123 548 549 1 19.000000
2123 2122 549 548 1 19.000000
2124 2125 549 550 1 19.000000
2125 2124 550 549 1 19.000000
2126 2127 550 551 1 17.000000
2127 2126 551 550 1 17.000000
2128 2129 551 552 1 25.000000
2129 2128 552 551 1 25.000000
2130 2131 552 553 1 8.000000
2131 2130 553 552 1 8.000000
2132 2133 553 554 1 19.000000
2133 2132 554 553 1 19.000000
2134 2135 554 555 1 16.000000
2135 2134 555 554 1 16.000000
2136 2137 555 556 1 12.000000
2137 2136 556 555 1 12.000000
2138 2139 556 557 1 10.000000
2139 2138 557 556 1 10.000000
2140 2141 557 558 1 26.000000
2141 2140 558 557 1 26.000000
2142 2143 558 559 1 14.000000
2143 2142 559 558 1 14.000000
2144 2145 532 560 1 28.000000
2145 2144 560 532 1 28.000000
2146 2147 533 561 1 10.000000
2147 2146 561 533 1 10.000000
2148 2149 534 562 1 4.000000
2149 2148 562 534 1 4.000000
2150 2151 535 563 1 14.000000
2151 2150 563 535 1 14.000000
2152 2153 536 564 1 20.000000
2153 2152 564 536 1 20.000000
2154 2155 537 565 1 22.000000
2155 2154 565 537 1 22.000000
2156 2157 538 566 1 16.000000
2157 2156 566 538 1 16.000000
2158 2159 539 567 1 11.000000
2159 2158 567 539 1 11.000000
2160 2161 540 568 1 8.000000
2161 2160 568 540 1 8.000000
2162 2163 541 569 1 29.000000
2163 2162 569 541 1 29.000000
2164 2165 542 570 1 13.000000
2165 2164 570 542 1 13.000000
2166 2167 543 571 1 12.000000
2167 2166 571 543 1 12.000000
2168 2169 544 572 1 11.000000
2169 2168 572 544 1 11.000000
2170 2171 545 573 1 7.000000
2171 2170 573 545 1 7.000000
2172 2173 546 574 1 25.000000
2173 2172 574 546 1 25.000000
2174 2175 547 575 1 22.000000
2175 2174 575 547 1 22.000000
2176 2177 548 576 1 23.000000
2177 2176 576 548 1 23.000000
2178 2179 549 577 1 12.000000
2179 2178 577 549 1 12.000000
2180 2181 550 578 1 12.000000
2181 2180 578 550 1 12.000000
2182 2183 551 579 1 6.000000
2183 2182 579 551 1 6.000000
2184 2185 552 580 1 8.000000
2185 2184 580 552 1 8.000000
2186 2187 553 581 1 20.000000
2187 2186 581 553 1 20.000000
2188 2189 554 582 1 22.000000
2189 2188 582 554 1 22.000000
2190 2191 555 583 1 15.000000
2191 2190 583 555 1 15.000000
2192 2193 556 584 1 16.000000
2193 2192 584 556 1 16.000000
2194 2195 557 585 1 38.000000
2195 2194 585 557 1 38.000000
2196 2197 558 586 1 32.000000
2197 2196 586 558 1 32.000000
2198 2199 559 587 1 15.000000
2199 2198 587 559 1 15.000000
2200 2201 560 561 1 17.000000
2201 2200 561 560 1 17.000000
2202 2203 561 562 1 6.000000
2203 2202 562 561 1 6.000000
2204 2205 562 563 1 6.000000
2205 2204 563 562 1 6.000000
2206 2207 563 564 1 17.000000
2207 2206 564 563 1 17.000000
2208 2209 564 565 1 12.000000
2209 2208 565 564 1 12.000000
2210 2211 565 566 1 0.000000
2211 2210 566 565 1 0.000000
2212 2213 566 567 1 19.000000
2213 2212 567 566 1 19.000000
2214 2215 567 568 1 9.000000
2215 2214 568 567 1 9.000000
2216 2217 568 569 1 42.000000
2217 2216 569 568 1 42.000000
2218 2219 569 570 1 29.000000
2219 2218 570 569 1 29.000000
2220 2221 570 571 1 12.000000
2221 2220 571 570 1 12.000000
2222 2223 571 572 1 15.000000
2223 2222 572 571 1 15.000000
2224 2225 572 573 1 26.000000
2225 2224 573 572 1 26.000000
2226 2227 573 574 1 9.000000
2227 2226 574 573 1 9.000000
2228 2229 574 575 1 15.000000
2229 2228 575 574 1 15.000000
2230 2231 575 576 1 12.000000
2231 2230 576 575 1 12.000000
2232 2233 576 577 1 12.000000
2233 2232 577 576 1 12.000000
2234 2235 577 578 1 19.000000
2235 2234 578 577 1 19.000000
2236 2237 578 579 1 25.000000
2237 2236 579 578 1 25.000000
2238 2239 579 580 1 29.000000
2239 2238 580 579 1 29.000000
2240 2241 580 581 1 20.000000
2241 2240 581 580 1 20.000000
2242 2243 581 582 1 7.000000
2243 2242 582 581 1 7.000000
2244 2245 582 583 1 15.000000
2245 2244 583 582 1 15.000000
2246 2247 583 584 1 9.000000
2247 2246 584 583 1 9.000000
2248 2249 584 585 1 18.000000
2249 2248 585 584 1 18.000000
2250 2251 585 586 1 22.000000
2251 2250 586 585 1 22.000000
2252 2253 586 587 1 25.000000
2253 2252 587 586 1 25.000000
0 94 54 164 274 384 494 604 714 824 934 1044 1154 1264 1374 1484 1594 1704 1814 1924 2034 2144 2200 2202 2204 2206 2208 2210 2212 2214 2216 2218 2220 2222 2224 2226 2228 2230 2232 2234 2236 2238 2240 2242 2244 2246 2248 2250 2252 2199 2089 1979 1869 1759 1649 1539 1429 1319 1209 1099 989 879 769 659 549 439 329 219 109 53 51 49 47 45 43 41 39 37 35 33 31 29 27 25 23 21 19 17 15 13 11 9 7 5 3 1
1 4 0 56 111 55
2 4 2 58 113 57
3 4 4 60 115 59
4 4 6 62 117 61
5 4 8 64 119 63
6 4 10 66 121 65
7 4 12 68 123 67
8 4 14 70 125 69
9 4 16 72 127 71
10 4 18 74 129 73
11 4 20 76 131 75
12 4 22 78 133 77
13 4 24 80 135 79
14 4 26 82 137 81
15 4 28 84 139 83
16 4 30 86 141 85
17 4 32 88 143 87
18 4 34 90 145 89
19 4 36 92 147 91
20 4 38 94 149 93
21 4 40 96 151 95
22 4 42 98 153 97
23 4 44 100 155 99
24 4 46 102 157 101
25 4 48 104 159 103
26 4 50 106 161 105
27 4 52 108 163 107
28 4 110 166 221 165
29 4 112 168 223 167
30 4 114 170 225 169
31 4 116 172 227 171
32 4 118 174 229 173
33 4 120 176 231 175
34 4 122 178 233 177
35 4 124 180 235 179
36 4 126 182 237 181
37 4 128 184 239 183
38 4 130 186 241 185
39 4 132 188 243 187
40 4 134 190 245 189
41 4 136 192 247 191
42 4 138 194 249 193
43 4 140 196 251 195
44 4 142 198 253 197
45 4 144 200 255 199
46 4 146 202 257 201
47 4 148 204 259 203
48 4 150 206 261 205
49 4 152 208 263 207
50 4 154 210 265 209
51 4 156 212 267 211
52 4 158 214 269 213
53 4 160 216 271 215
54 4 162 218 273 217
55 4 220 276 331 275
56 4 222 278 333 277
57 4 224 280 335 279
58 4 226 282 337 281
59 4 228 284 339 283
60 4 230 286 341 285
61 4 232 288 343 287
62 4 234 290 345 289
63 4 236 292 347 291
64 4 238 294 349 293
65 4 240 296 351 295
66 4 242 298 353 297
67 4 244 300 355 299
68 4 246 302 357 301
69 4 248 304 359 303
70 4 250 306 361 305
71 4 252 308 363 307
72 4 254 310 365 309
73 4 256 312 367 311
74 4 258 314 369 313
75 4 260 316 371 315
76 4 262 318 373 317
77 4 264 320 375 319
78 4 266 322 377 321
79 4 268 324 379 323
80 4 270 326 381 325
81 4 272 328 383 327
82 4 330 386 441 385
83 4 332 388 443 387
84 4 334 390 445 389
85 4 336 392 447 391
86 4 338 394 449 393
87 4 340 396 451 395
88 4 342 398 453 397
89 4 344 400 455 399
90 4 346 402 457 401
91 4 348 404 459 403
92 4 350 406 461 405
93 4 352 408 463 407
94 4 354 410 465 409
95 4 356 412 467 411
96 4 358 414 469 413
97 4 360 416 471 415
98 4 362 418 473 417
99 4 364 420 475 419
100 4 366 422 477 421
101 4 368 424 479 423
102 4 370 426 481 425
103 4 372 428 483 427
104 4 374 430 485 429
105 4 376 432 487 431
106 4 378 434 489 433
107 4 380 436 491 435
108 4 382 438 493 437
109 4 440 496 551 495
110 4 442 498 553 497
111 4 444 500 555 499
112 4 446 502 557 501
113 4 448 504 559 503
114 4 450 506 561 505
115 4 452 508 563 507
116 4 454 510 565 509
117 4 456 512 567 511
118 4 458 514 569 513
119 4 460 516 571 515
120 4 462 518 573 517
121 4 464 520 575 519
122 4 466 522 577 521
123 4 468 524 579 523
124 4 470 526 581 525
125 4 472 528 583 527
126 4 474 530 585 529
127 4 476 532 587 531
128 4 478 534 589 533
129 4 480 536 591 535
130 4 482 538 593 537
131 4 484 540 595 539
132 4 486 542 597 541
133 4 488 544 599 543
134 4 490 546 601 545
135 4 492 548 603 547
136 4 550 606 661 605
137 4 552 608 663 607
138 4 554 610 665 609
139 4 556 612 667 611
140 4 558 614 669 613
141 4 560 616 671 615
142 4 562 618 673 617
143 4 564 620 675 619
144 4 566 622 677 621
145 4 568 624 679 623
146 4 570 626 681 625
147 4 572 628 683 627
148 4 574 630 685 629
149 4 576 632 687 631
150 4 578 634 689 633
151 4 580 636 691 635
152 4 582 638 693 637
153 4 584 640 695 639
154 4 586 642 697 641
155 4 588 644 699 643
156 4 590 646 701 645
157 4 592 648 703 647
158 4 594 650 705 649
159 4 596 652 707 651
160 4 598 654 709 653
161 4 600 656 711 655
162 4 602 658 713 657
163 4 660 716 771 715
164 4 662 718 773 717
165 4 664 720 775 719
166 4 666 722 777 721
167 4 668 724 779 723
168 4 670 726 781 725
169 4 672 728 783 727
170 4 674 730 785 729
171 4 676 732 787 731
172 4 678 734 789 733
173 4 680 736 791 735
174 4 682 738 793 737
175 4 684 740 795 739
176 4 686 742 797 741
177 4 688 744 799 743
178 4 690 746 801 745
179 4 692 748 803 747
180 4 694 750 805 749
181 4 696 752 807 751
182 4 698 754 809 753
183 4 700 756 811 755
184 4 702 758 813 757
185 4 704 760 815 759
186 4 706 762 817 761
187 4 708 764 819 763
188 4 710 766 821 765
189 4 712 768 823 767
190 4 770 826 881 825
191 4 772 828 883 827
192 4 774 830 885 829
193 4 776 832 887 831
194 4 778 834 889 833
195 4 780 836 891 835
196 4 782 838 893 837
197 4 784 840 895 839
198 4 786 842 897 841
199 4 788 844 899 843
200 4 790 846 901 845
201 4 792 848 903 847
202 4 794 850 905 849
203 4 796 852 907 851
204 4 798 854 909 853
205 4 800 856 911 855
206 4 802 858 913 857
207 4 804 860 915 859
208 4 806 862 917 861
209 4 808 864 919 863
210 4 810 866 921 865
211 4 812 868 923 867
212 4 814 870 925 869
213 4 816 872 927 871
214 4 818 874 929 873
215 4 820 876 931 875
216 4 822 878 933 877
217 4 880 936 991 935
218 4 882 938 993 937
219 4 884 940 995 939
220 4 886 942 997 941
221 4 888 944 999 943
222 4 890 946 1001 945
223 4 892 948 1003 947
224 4 894 950 1005 949
225 4 896 952 1007 951
226 4 898 954 1009 953
227 4 900 956 1011 955
228 4 902 958 1013 957
229 4 904 960 1015 959
230 4 906 962 1017 961
231 4 908 964 1019 963
232 4 910 966 1021 965
233 4 912 968 1023 967
234 4 914 970 1025 969
235 4 916 972 1027 971
236 4 918 974 1029 973
237 4 920 976 1031 975
238 4 922 978 1033 977
239 4 924 980 1035 979
240 4 926 982 1037 981
241 4 928 984 1039 983
242 4 930 986 1041 985
243 4 932 988 1043 987
244 4 990 1046 1101 1045
245 4 992 1048 1103 1047
246 4 994 1050 1105 1049
247 4 996 1052 1107 1051
248 4 998 1054 1109 1053
249 4 1000 1056 1111 1055
250 4 1002 1058 1113 1057
251 4 1004 1060 1115 1059
252 4 1006 1062 1117 1061
253 4 1008 1064 1119 1063
254 4 1010 1066 1121 1065
255 4 1012 1068 1123 1067
256 4 1014 1070 1125 1069
257 4 1016 1072 1127 1071
258 4 1018 1074 1129 1073
259 4 1020 1076 1131 1075
260 4 1022 1078 1133 1077
261 4 1024 1080 1135 1079
262 4 1026 1082 1137 1081
263 4 1028 1084 1139 1083
264 4 1030 1086 1141 1085
265 4 1032 1088 1143 1087
266 4 1034 1090 1145 1089
267 4 1036 1092 1147 1091
268 4 1038 1094 1149 1093
269 4 1040 1096 1151 1095
270 4 1042 1098 1153 1097
271 4 1100 1156 1211 1155
272 4 1102 1158 1213 1157
273 4 1104 1160 1215 1159
274 4 1106 1162 1217 1161
275 4 1108 1164 1219 1163
276 4 1110 1166 1221 1165
277 4 1112 1168 1223 1167
278 4 1114 1170 1225 1169
279 4 1116 1172 1227 1171
280 4 1118 1174 1229 1173
281 4 1120 1176 1231 1175
282 4 1122 1178 1233 1177
283 4 1124 1180 1235 1179
284 4 1126 1182 1237 1181
285 4 1128 1184 1239 1183
286 4 1130 1186 1241 1185
287 4 1132 1188 1243 1187
288 4 1134 1190 1245 1189
289 4 1136 1192 1247 1191
290 4 1138 1194 1249 1193
291 4 1140 1196 1251 1195
292 4 1142 1198 1253 1197
293 4 1144 1200 1255 1199
294 4 1146 1202 1257 1201
295 4 1148 1204 1259 1203
296 4 1150 1206 1261 1205
297 4 1152 1208 1263 1207
298 4 1210 1266 1321 1265
299 4 1212 1268 1323 1267
300 4 1214 1270 1325 1269
301 4 1216 1272 1327 1271
302 4 1218 1274 1329 1273
303 4 1220 1276 1331 1275
304 4 1222 1278 1333 1277
305 4 1224 1280 1335 1279
306 4 1226 1282 1337 1281
307 4 1228 1284 1339 1283
308 4 1230 1286 1341 1285
309 4 1232 1288 1343 1287
310 4 1234 1290 1345 1289
311 4 1236 1292 1347 1291
312 4 1238 1294 1349 1293
313 4 1240 1296 1351 1295
314 4 1242 1298 1353 1297
315 4 1244 1300 1355 1299
316 4 1246 1302 1357 1301
317 4 1248 1304 1359 1303
318 4 1250 1306 1361 1305
319 4 1252 1308 1363 1307
320 4 1254 1310 1365 1309
321 4 1256 1312 1367 1311
322 4 1258 1314 1369 1313
323 4 1260 1316 1371 1315
324 4 1262 1318 1373 1317
325 4 1320 1376 1431 1375
326 4 1322 1378 1433 1377
327 4 1324 1380 1435 1379
328 4 1326 1382 1437 1381
329 4 1328 1384 1439 1383
330 4 1330 1386 1441 1385
331 4 1332 1388 1443 1387
332 4 1334 1390 1445 1389
333 4 1336 1392 1447 1391
334 4 1338 1394 1449 1393
335 4 1340 1396 1451 1395
336 4 1342 1398 1453 1397
337 4 1344 1400 1455 1399
338 4 1346 1402 1457 1401
339 4 1348 1404 1459 1403
340 4 1350 1406 1461 1405
341 4 1352 1408 1463 1407
342 4 1354 1410 1465 1409
343 4 1356 1412 1467 1411
344 4 1358 1414 1469 1413
345 4 1360 1416 1471 1415
346 4 1362 1418 1473 1417
347 4 1364 1420 1475 1419
348 4 1366 1422 1477 1421
349 4 1368 1424 1479 1423
350 4 1370 1426 1481 1425
351 4 1372 1428 1483 1427
352 4 1430 1486 1541 1485
353 4 1432 1488 1543 1487
354 4 1434 1490 1545 1489
355 4 1436 1492 1547 1491
356 4 1438 1494 1549 1493
357 4 1440 1496 1551 1495
358 4 1442 1498 1553 1497
359 4 1444 1500 1555 1499
360 4 1446 1502 1557 1501
361 4 1448 1504 1559 1503
362 4 1450 1506 1561 1505
363 4 1452 1508 1563 1507
364 4 1454 1510 1565 1509
365 4 1456 1512 1567 1511
366 4 1458 1514 1569 1513
367 4 1460 1516 1571 1515
368 4 1462 1518 1573 1517
369 4 1464 1520 1575 1519
370 4 1466 1522 1577 1521
371 4 1468 1524 1579 1523
372 4 1470 1526 1581 1525
373 4 1472 1528 1583 1527
374 4 1474 1530 1585 1529
375 4 1476 1532 1587 1531
376 4 1478 1534 1589 1533
377 4 1480 1536 1591 1535
378 4 1482 1538 1593 1537
379 4 1540 1596 1651 1595
380 4 1542 1598 1653 1597
381 4 1544 1600 1655 1599
382 4 1546 1602 1657 1601
383 4 1548 1604 1659 1603
384 4 1550 1606 1661 1605
385 4 1552 1608 1663 1607
386 4 1554 1610 1665 1609
387 4 1556 1612 1667 1611
388 4 1558 1614 1669 1613
389 4 1560 1616 1671 1615
390 4 1562 1618 1673 1617
391 4 1564 1620 1675 1619
392 4 1566 1622 1677 1621
393 4 1568 1624 1679 1623
394 4 1570 1626 1681 1625
395 4 1572 1628 1683 1627
396 4 1574 1630 1685 1629
397 4 1576 1632 1687 1631
398 4 1578 1634 1689 1633
399 4 1580 1636 1691 1635
400 4 1582 1638 1693 1637
401 4 1584 1640 1695 1639
402 4 1586 1642 1697 1641
403 4 1588 1644 1699 1643
404 4 1590 1646 1701 1645
405 4 1592 1648 1703 1647
406 4 1650 1706 1761 1705
407 4 1652 1708 1763 1707
408 4 1654 1710 1765 1709
409 4 1656 1712 1767 1711
410 4 1658 1714 1769 1713
411 4 1660 1716 1771 1715
412 4 1662 1718 1773 1717
413 4 1664 1720 1775 1719
414 4 1666 1722 1777 1721
415 4 1668 1724 1779 1723
416 4 1670 1726 1781 1725
417 4 1672 1728 1783 1727
418 4 1674 1730 1785 1729
419 4 1676 1732 1787 1731
420 4 1678 1734 1789 1733
421 4 1680 1736 1791 1735
422 4 1682 1738 1793 1737
423 4 1684 1740 1795 1739
424 4 1686 1742 1797 1741
425 4 1688 1744 1799 1743
426 4 1690 1746 1801 1745
427 4 1692 1748 1803 1747
428 4 1694 1750 1805 1749
429 4 1696 1752 1807 1751
430 4 1698 1754 1809 1753
431 4 1700 1756 1811 1755
432 4 1702 1758 1813 1757
433 4 1760 1816 1871 1815
434 4 1762 1818 1873 1817
435 4 1764 1820 1875 1819
436 4 1766 1822 1877 1821
437 4 1768 1824 1879 1823
438 4 1770 1826 1881 1825
439 4 1772 1828 1883 1827
440 4 1774 1830 1885 1829
441 4 1776 1832 1887 1831
442 4 1778 1834 1889 1833
443 4 1780 1836 1891 1835
444 4 1782 1838 1893 1837
445 4 1784 1840 1895 1839
446 4 1786 1842 1897 1841
447 4 1788 1844 1899 1843
448 4 1790 1846 1901 1845
449 4 1792 1848 1903 1847
450 4 1794 1850 1905 1849
451 4 1796 1852 1907 1851
452 4 1798 1854 1909 1853
453 4 1800 1856 1911 1855
454 4 1802 1858 1913 1857
455 4 1804 1860 1915 1859
456 4 1806 1862 1917 1861
457 4 1808 1864 1919 1863
458 4 1810 1866 1921 1865
459 4 1812 1868 1923 1867
460 4 1870 1926 1981 1925
461 4 1872 1928 1983 1927
462 4 1874 1930 1985 1929
463 4 1876 1932 1987 1931
464 4 1878 1934 1989 1933
465 4 1880 1936 1991 1935
466 4 1882 1938 1993 1937
467 4 1884 1940 1995 1939
468 4 1886 1942 1997 1941
469 4 1888 1944 1999 1943
470 4 1890 1946 2001 1945
471 4 1892 1948 2003 1947
472 4 1894 1950 2005 1949
473 4 1896 1952 2007 1951
474 4 1898 1954 2009 1953
475 4 1900 1956 2011 1955
476 4 1902 1958 2013 1957
477 4 1904 1960 2015 1959
478 4 1906 1962 2017 1961
479 4 1908 1964 2019 1963
480 4 1910 1966 2021 1965
481 4 1912 1968 2023 1967
482 4 1914 1970 2025 1969
483 4 1916 1972 2027 1971
484 4 1918 1974 2029 1973
485 4 1920 1976 2031 1975
486 4 1922 1978 2033 1977
487 4 1980 2036 2091 2035
488 4 1982 2038 2093 2037
489 4 1984 2040 2095 2039
490 4 1986 2042 2097 2041
491 4 1988 2044 2099 2043
492 4 1990 2046 2101 2045
493 4 1992 2048 2103 2047
494 4 1994 2050 2105 2049
495 4 1996 2052 2107 2051
496 4 1998 2054 2109 2053
497 4 2000 2056 2111 2055
498 4 2002 2058 2113 2057
499 4 2004 2060 2115 2059
500 4 2006 2062 2117 2061
501 4 2008 2064 2119 2063
502 4 2010 2066 2121 2065
503 4 2012 2068 2123 2067
504 4 2014 2070 2125 2069
505 4 2016 2072 2127 2071
506 4 2018 2074 2129 2073
507 4 2020 2076 2131 2075
508 4 2022 2078 2133 2077
509 4 2024 2080 2135 2079
510 4 2026 2082 2137 2081
511 4 2028 2084 2139 2083
512 4 2030 2086 2141 2085
513 4 2032 2088 2143 2087
514 4 2090 2146 2201 2145
515 4 2092 2148 2203 2147
516 4 2094 2150 2205 2149
517 4 2096 2152 2207 2151
518 4 2098 2154 2209 2153
519 4 2100 2156 2211 2155
520 4 2102 2158 2213 2157
521 4 2104 2160 2215 2159
522 4 2106 2162 2217 2161
523 4 2108 2164 2219 2163
524 4 2110 2166 2221 2165
525 4 2112 2168 2223 2167
526 4 2114 2170 2225 2169
527 4 2116 2172 2227 2171
528 4 2118 2174 2229 2173
529 4 2120 2176 2231 2175
530 4 2122 2178 2233 2177
531 4 2124 2180 2235 2179
532 4 2126 2182 2237 2181
533 4 2128 2184 2239 2183
534 4 2130 2186 2241 2185
535 4 2132 2188 2243 2187
536 4 2134 2190 2245 2189
537 4 2136 2192 2247 2191
538 4 2138 2194 2249 2193
539 4 2140 2196 2251 2195
540 4 2142 2198 2253 2197
