33 186 62
0 -1.000000 -1.000000 1.000000
1 -1.000000 -1.000000 1.000000
2 -1.000000 -1.000000 1.000000
3 -1.000000 0.000000 1.000000
4 -1.000000 -1.000000 1.000000
5 -1.000000 -1.000000 1.000000
6 -1.000000 -1.000000 1.000000
7 0.000000 1.000000 1.000000
8 -1.000000 -1.000000 1.000000
9 -1.000000 -1.000000 1.000000
10 -1.000000 -1.000000 1.000000
11 -1.000000 -1.000000 1.000000
12 -1.000000 -1.000000 1.000000
13 -1.000000 -1.000000 1.000000
14 -1.000000 -1.000000 1.000000
15 -1.000000 -1.000000 1.000000
16 -1.000000 -1.000000 1.000000
17 -1.000000 -1.000000 1.000000
18 -1.000000 -1.000000 1.000000
19 -1.000000 -1.000000 1.000000
20 -1.000000 -1.000000 1.000000
21 -1.000000 -1.000000 1.000000
22 -1.000000 -1.000000 1.000000
23 -1.000000 -1.000000 1.000000
24 -1.000000 -1.000000 1.000000
25 -1.000000 -1.000000 1.000000
26 -1.000000 -1.000000 1.000000
27 -1.000000 -1.000000 1.000000
28 1.000000 0.000000 1.000000
29 -1.000000 -1.000000 1.000000
30 -1.000000 -1.000000 1.000000
31 -1.000000 -1.000000 1.000000
32 -1.000000 -1.000000 1.000000
0 22 0 4 0.000000 0.000000
1 73 0 13 0.000000 0.000000
2 30 0 5 0.000000 0.000000
3 42 0 8 0.000000 0.000000
4 84 1 15 0.000000 0.000000
5 17 1 3 0.000000 0.000000
6 41 1 7 0.000000 0.000000
7 162 1 29 0.000000 0.000000
8 32 1 6 0.000000 0.000000
9 11 1 2 0.000000 0.000000
10 85 2 15 0.000000 0.000000
11 9 2 1 0.000000 0.000000
12 31 2 6 0.000000 0.000000
13 141 2 25 0.000000 0.000000
14 176 2 31 0.000000 0.000000
15 165 2 29 0.000000 0.000000
16 37 3 7 1.000000 1.000000
17 5 3 1 0.000000 0.000000
18 83 3 15 0.000000 0.000000
19 159 3 28 1.000000 1.000000
20 150 4 26 0.000000 0.000000
21 74 4 13 0.000000 0.000000
22 0 4 0 0.000000 0.000000
23 44 4 8 0.000000 0.000000
24 28 4 5 0.000000 0.000000
25 72 5 13 0.000000 0.000000
26 55 5 10 0.000000 0.000000
27 151 5 26 0.000000 0.000000
28 24 5 4 0.000000 0.000000
29 43 5 8 0.000000 0.000000
30 2 5 0 0.000000 0.000000
31 12 6 2 0.000000 0.000000
32 8 6 1 0.000000 0.000000
33 167 6 29 0.000000 0.000000
34 174 6 31 0.000000 0.000000
35 58 6 11 0.000000 0.000000
36 142 6 25 0.000000 0.000000
37 16 7 3 1.000000 1.000000
38 161 7 28 1.000000 1.000000
39 81 7 15 0.000000 0.000000
40 163 7 29 0.000000 0.000000
41 6 7 1 0.000000 0.000000
42 3 8 0 0.000000 0.000000
43 29 8 5 0.000000 0.000000
44 23 8 4 0.000000 0.000000
45 77 9 14 0.000000 0.000000
46 91 9 16 0.000000 0.000000
47 68 9 12 0.000000 0.000000
48 51 9 10 0.000000 0.000000
49 70 9 13 0.000000 0.000000
50 148 9 26 0.000000 0.000000
51 48 10 9 0.000000 0.000000
52 67 10 12 0.000000 0.000000
53 79 10 14 0.000000 0.000000
54 152 10 26 0.000000 0.000000
55 26 10 5 0.000000 0.000000
56 71 10 13 0.000000 0.000000
57 143 11 25 0.000000 0.000000
58 35 11 6 0.000000 0.000000
59 179 11 31 0.000000 0.000000
60 153 11 27 0.000000 0.000000
61 100 11 18 0.000000 0.000000
62 130 11 23 0.000000 0.000000
63 90 12 16 0.000000 0.000000
64 184 12 32 0.000000 0.000000
65 109 12 19 0.000000 0.000000
66 80 12 14 0.000000 0.000000
67 52 12 10 0.000000 0.000000
68 47 12 9 0.000000 0.000000
69 149 13 26 0.000000 0.000000
70 49 13 9 0.000000 0.000000
71 56 13 10 0.000000 0.000000
72 25 13 5 0.000000 0.000000
73 1 13 0 0.000000 0.000000
74 21 13 4 0.000000 0.000000
75 108 14 19 0.000000 0.000000
76 92 14 16 0.000000 0.000000
77 45 14 9 0.000000 0.000000
78 147 14 26 0.000000 0.000000
79 53 14 10 0.000000 0.000000
80 66 14 12 0.000000 0.000000
81 39 15 7 0.000000 0.000000
82 160 15 28 0.000000 0.000000
83 18 15 3 0.000000 0.000000
84 4 15 1 0.000000 0.000000
85 10 15 2 0.000000 0.000000
86 164 15 29 0.000000 0.000000
87 107 16 19 0.000000 0.000000
88 139 16 24 0.000000 0.000000
89 185 16 32 0.000000 0.000000
90 63 16 12 0.000000 0.000000
91 46 16 9 0.000000 0.000000
92 76 16 14 0.000000 0.000000
93 132 17 23 0.000000 0.000000
94 104 17 18 0.000000 0.000000
95 123 17 22 0.000000 0.000000
96 111 17 20 0.000000 0.000000
97 170 17 30 0.000000 0.000000
98 120 17 21 0.000000 0.000000
99 131 18 23 0.000000 0.000000
100 61 18 11 0.000000 0.000000
101 158 18 27 0.000000 0.000000
102 117 18 21 0.000000 0.000000
103 124 18 22 0.000000 0.000000
104 94 18 17 0.000000 0.000000
105 114 19 20 0.000000 0.000000
106 140 19 24 0.000000 0.000000
107 87 19 16 0.000000 0.000000
108 75 19 14 0.000000 0.000000
109 65 19 12 0.000000 0.000000
110 183 19 32 0.000000 0.000000
111 96 20 17 0.000000 0.000000
112 128 20 22 0.000000 0.000000
113 135 20 24 0.000000 0.000000
114 105 20 19 0.000000 0.000000
115 182 20 32 0.000000 0.000000
116 171 20 30 0.000000 0.000000
117 102 21 18 0.000000 0.000000
118 157 21 27 0.000000 0.000000
119 133 21 23 0.000000 0.000000
120 98 21 17 0.000000 0.000000
121 169 21 30 0.000000 0.000000
122 125 21 22 0.000000 0.000000
123 95 22 17 0.000000 0.000000
124 103 22 18 0.000000 0.000000
125 122 22 21 0.000000 0.000000
126 168 22 30 0.000000 0.000000
127 136 22 24 0.000000 0.000000
128 112 22 20 0.000000 0.000000
129 144 23 25 0.000000 0.000000
130 62 23 11 0.000000 0.000000
131 99 23 18 0.000000 0.000000
132 93 23 17 0.000000 0.000000
133 119 23 21 0.000000 0.000000
134 156 23 27 0.000000 0.000000
135 113 24 20 0.000000 0.000000
136 127 24 22 0.000000 0.000000
137 173 24 30 0.000000 0.000000
138 180 24 32 0.000000 0.000000
139 88 24 16 0.000000 0.000000
140 106 24 19 0.000000 0.000000
141 13 25 2 0.000000 0.000000
142 36 25 6 0.000000 0.000000
143 57 25 11 0.000000 0.000000
144 129 25 23 0.000000 0.000000
145 155 25 27 0.000000 0.000000
146 177 25 31 0.000000 0.000000
147 78 26 14 0.000000 0.000000
148 50 26 9 0.000000 0.000000
149 69 26 13 0.000000 0.000000
150 20 26 4 0.000000 0.000000
151 27 26 5 0.000000 0.000000
152 54 26 10 0.000000 0.000000
153 60 27 11 0.000000 0.000000
154 178 27 31 0.000000 0.000000
155 145 27 25 0.000000 0.000000
156 134 27 23 0.000000 0.000000
157 118 27 21 0.000000 0.000000
158 101 27 18 0.000000 0.000000
159 19 28 3 1.000000 1.000000
160 82 28 15 0.000000 0.000000
161 38 28 7 1.000000 1.000000
162 7 29 1 0.000000 0.000000
163 40 29 7 0.000000 0.000000
164 86 29 15 0.000000 0.000000
165 15 29 2 0.000000 0.000000
166 175 29 31 0.000000 0.000000
167 33 29 6 0.000000 0.000000
168 126 30 22 0.000000 0.000000
169 121 30 21 0.000000 0.000000
170 97 30 17 0.000000 0.000000
171 116 30 20 0.000000 0.000000
172 181 30 32 0.000000 0.000000
173 137 30 24 0.000000 0.000000
174 34 31 6 0.000000 0.000000
175 166 31 29 0.000000 0.000000
176 14 31 2 0.000000 0.000000
177 146 31 25 0.000000 0.000000
178 154 31 27 0.000000 0.000000
179 59 31 11 0.000000 0.000000
180 138 32 24 0.000000 0.000000
181 172 32 30 0.000000 0.000000
182 115 32 20 0.000000 0.000000
183 110 32 19 0.000000 0.000000
184 64 32 12 0.000000 0.000000
185 89 32 16 0.000000 0.000000
0 3 122 126 169 -1.000000 -1.000000 1.000000
1 3 41 7 163 -1.000000 -1.000000 1.000000
2 3 129 145 156 -1.000000 -1.000000 1.000000
3 3 18 84 5 -1.000000 -1.000000 1.000000
4 3 69 150 21 -1.000000 -1.000000 1.000000
5 3 27 152 55 -1.000000 -1.000000 1.000000
6 3 179 60 154 -1.000000 -1.000000 1.000000
7 3 135 114 106 -1.000000 -1.000000 1.000000
8 3 173 138 181 -1.000000 -1.000000 1.000000
9 3 20 151 28 -1.000000 -1.000000 1.000000
10 3 92 77 46 -1.000000 -1.000000 1.000000
11 3 158 102 118 -1.000000 -1.000000 1.000000
12 3 31 13 142 -1.000000 -1.000000 1.000000
13 3 137 168 127 -1.000000 -1.000000 1.000000
14 3 44 24 29 -1.000000 -1.000000 1.000000
15 3 141 14 177 -1.000000 -1.000000 1.000000
16 3 83 19 160 -1.000000 -1.000000 1.000000
17 3 57 144 130 -1.000000 -1.000000 1.000000
18 3 185 90 64 -1.000000 -1.000000 1.000000
19 3 71 51 49 -1.000000 -1.000000 1.000000
20 3 10 86 165 -1.000000 -1.000000 1.000000
21 3 125 117 103 -1.000000 -1.000000 1.000000
22 3 62 131 100 -1.000000 -1.000000 1.000000
23 3 2 25 73 -1.000000 -1.000000 1.000000
24 3 56 72 26 -1.000000 -1.000000 1.000000
25 3 6 37 17 -1.000000 -1.000000 1.000000
26 3 50 149 70 -1.000000 -1.000000 1.000000
27 3 75 109 66 -1.000000 -1.000000 1.000000
28 3 140 107 88 -1.000000 -1.000000 1.000000
29 3 33 162 8 -1.000000 -1.000000 1.000000
30 3 23 42 0 -1.000000 -1.000000 1.000000
31 3 170 98 121 -1.000000 -1.000000 1.000000
32 3 4 85 11 -1.000000 -1.000000 1.000000
33 3 99 132 94 -1.000000 -1.000000 1.000000
34 3 87 108 76 -1.000000 -1.000000 1.000000
35 3 59 174 35 -1.000000 -1.000000 1.000000
36 3 128 113 136 -1.000000 -1.000000 1.000000
37 3 93 133 120 -1.000000 -1.000000 1.000000
38 3 155 146 178 -1.000000 -1.000000 1.000000
39 3 47 63 91 -1.000000 -1.000000 1.000000
40 3 9 12 32 -1.000000 -1.000000 1.000000
41 3 123 96 112 -1.000000 -1.000000 1.000000
42 3 89 180 139 -1.000000 -1.000000 1.000000
43 3 104 95 124 -1.000000 -1.000000 1.000000
44 3 147 79 54 -1.000000 -1.000000 1.000000
45 3 119 134 157 -1.000000 -1.000000 1.000000
46 3 68 48 52 -1.000000 -1.000000 1.000000
47 3 111 97 171 -1.000000 -1.000000 1.000000
48 3 101 153 61 -1.000000 -1.000000 1.000000
49 3 36 143 58 -1.000000 -1.000000 1.000000
50 3 53 80 67 -1.000000 -1.000000 1.000000
51 3 182 116 172 -1.000000 -1.000000 1.000000
52 3 65 110 184 -1.000000 -1.000000 1.000000
53 3 30 3 43 -1.000000 -1.000000 1.000000
54 3 164 81 40 -1.000000 -1.000000 1.000000
55 3 74 22 1 -1.000000 -1.000000 1.000000
56 3 176 15 166 -1.000000 -1.000000 1.000000
57 3 167 34 175 -1.000000 -1.000000 1.000000
58 3 105 115 183 -1.000000 -1.000000 1.000000
59 3 161 39 82 0.000000 0.000000 1.000000
60 3 45 78 148 -1.000000 -1.000000 1.000000
61 3 38 159 16 0.000000 0.000000 1.000000
