8 36 12
0 30.000000 20.000000 1.000000
1 0.000000 0.000000 1.000000
2 60.000000 0.000000 1.000000
3 30.000000 60.000000 1.000000
4 -1.000000 -1.000000 1.000000
5 -1.000000 -1.000000 1.000000
6 -1.000000 -1.000000 1.000000
7 -1.000000 -1.000000 1.000000
1 0 0 1 1.000000 1.000000
12 33 0 7 0.000000 0.000000
4 5 0 2 1.000000 1.000000
13 18 0 5 0.000000 0.000000
7 6 0 3 1.000000 1.000000
14 15 0 4 0.000000 0.000000
0 1 1 0 1.000000 1.000000
21 17 1 4 0.000000 0.000000
10 11 1 3 1.000000 1.000000
22 29 1 6 0.000000 0.000000
3 2 1 2 1.000000 1.000000
23 34 1 7 0.000000 0.000000
2 3 2 1 1.000000 1.000000
24 28 2 6 0.000000 0.000000
9 8 2 3 1.000000 1.000000
25 19 2 5 0.000000 0.000000
5 4 2 0 1.000000 1.000000
26 35 2 7 0.000000 0.000000
6 7 3 0 1.000000 1.000000
30 20 3 5 0.000000 0.000000
8 9 3 2 1.000000 1.000000
31 27 3 6 0.000000 0.000000
11 10 3 1 1.000000 1.000000
32 16 3 4 0.000000 0.000000
15 14 4 0 0.000000 0.000000
16 32 4 3 0.000000 0.000000
17 21 4 1 0.000000 0.000000
18 13 5 0 0.000000 0.000000
19 25 5 2 0.000000 0.000000
20 30 5 3 0.000000 0.000000
27 31 6 3 0.000000 0.000000
28 24 6 2 0.000000 0.000000
29 22 6 1 0.000000 0.000000
33 12 7 0 0.000000 0.000000
34 23 7 1 0.000000 0.000000
35 26 7 2 0.000000 0.000000
0 3 0 12 34 30.000000 30.000000 1.000000
1 3 6 14 16 20.000000 20.000000 1.000000
2 3 5 13 19 40.000000 40.000000 1.000000
3 3 9 31 28 30.000000 30.000000 1.000000
4 3 15 1 21 -1.000000 -1.000000 1.000000
5 3 17 10 32 -1.000000 -1.000000 1.000000
6 3 20 8 25 -1.000000 -1.000000 1.000000
7 3 33 4 26 -1.000000 -1.000000 1.000000
8 3 18 7 30 -1.000000 -1.000000 1.000000
9 3 35 2 23 -1.000000 -1.000000 1.000000
10 3 27 11 22 -1.000000 -1.000000 1.000000
11 3 29 3 24 -1.000000 -1.000000 1.000000
