20 108 36
0 30.000000 20.000000 1.000000
1 0.000000 0.000000 1.000000
2 60.000000 0.000000 1.000000
3 30.000000 60.000000 1.000000
4 -1.000000 -1.000000 1.000000
5 -1.000000 -1.000000 1.000000
6 -1.000000 -1.000000 1.000000
7 -1.000000 -1.000000 1.000000
8 -1.000000 -1.000000 1.000000
9 -1.000000 -1.000000 1.000000
10 -1.000000 -1.000000 1.000000
11 -1.000000 -1.000000 1.000000
12 -1.000000 -1.000000 1.000000
13 -1.000000 -1.000000 1.000000
14 -1.000000 -1.000000 1.000000
15 -1.000000 -1.000000 1.000000
16 -1.000000 -1.000000 1.000000
17 -1.000000 -1.000000 1.000000
18 -1.000000 -1.000000 1.000000
19 -1.000000 -1.000000 1.000000
1 0 0 1 1.000000 1.000000
81 92 0 17 0.000000 0.000000
82 21 0 6 0.000000 0.000000
83 62 0 13 0.000000 0.000000
4 5 0 2 1.000000 1.000000
84 41 0 10 0.000000 0.000000
85 33 0 9 0.000000 0.000000
86 104 0 18 0.000000 0.000000
7 6 0 3 1.000000 1.000000
87 107 0 19 0.000000 0.000000
88 42 0 11 0.000000 0.000000
89 77 0 15 0.000000 0.000000
0 1 1 0 1.000000 1.000000
93 76 1 15 0.000000 0.000000
94 46 1 11 0.000000 0.000000
95 20 1 5 0.000000 0.000000
10 11 1 3 1.000000 1.000000
96 31 1 8 0.000000 0.000000
97 16 1 4 0.000000 0.000000
98 80 1 16 0.000000 0.000000
3 2 1 2 1.000000 1.000000
99 28 1 7 0.000000 0.000000
100 23 1 6 0.000000 0.000000
101 90 1 17 0.000000 0.000000
2 3 2 1 1.000000 1.000000
51 79 2 16 0.000000 0.000000
52 14 2 4 0.000000 0.000000
53 72 2 14 0.000000 0.000000
9 8 2 3 1.000000 1.000000
54 49 2 12 0.000000 0.000000
55 35 2 9 0.000000 0.000000
56 39 2 10 0.000000 0.000000
5 4 2 0 1.000000 1.000000
57 61 2 13 0.000000 0.000000
58 25 2 6 0.000000 0.000000
59 29 2 7 0.000000 0.000000
6 7 3 0 1.000000 1.000000
63 103 3 18 0.000000 0.000000
64 37 3 9 0.000000 0.000000
65 50 3 12 0.000000 0.000000
8 9 3 2 1.000000 1.000000
66 74 3 14 0.000000 0.000000
67 12 3 4 0.000000 0.000000
68 32 3 8 0.000000 0.000000
11 10 3 1 1.000000 1.000000
69 19 3 5 0.000000 0.000000
70 44 3 11 0.000000 0.000000
71 105 3 19 0.000000 0.000000
12 67 4 3 0.000000 0.000000
13 73 4 14 0.000000 0.000000
14 52 4 2 0.000000 0.000000
15 78 4 16 0.000000 0.000000
16 97 4 1 0.000000 0.000000
17 30 4 8 0.000000 0.000000
18 45 5 11 0.000000 0.000000
19 69 5 3 0.000000 0.000000
20 95 5 1 0.000000 0.000000
21 82 6 0 0.000000 0.000000
22 91 6 17 0.000000 0.000000
23 100 6 1 0.000000 0.000000
24 27 6 7 0.000000 0.000000
25 58 6 2 0.000000 0.000000
26 60 6 13 0.000000 0.000000
27 24 7 6 0.000000 0.000000
28 99 7 1 0.000000 0.000000
29 59 7 2 0.000000 0.000000
30 17 8 4 0.000000 0.000000
31 96 8 1 0.000000 0.000000
32 68 8 3 0.000000 0.000000
33 85 9 0 0.000000 0.000000
34 40 9 10 0.000000 0.000000
35 55 9 2 0.000000 0.000000
36 48 9 12 0.000000 0.000000
37 64 9 3 0.000000 0.000000
38 102 9 18 0.000000 0.000000
39 56 10 2 0.000000 0.000000
40 34 10 9 0.000000 0.000000
41 84 10 0 0.000000 0.000000
42 88 11 0 0.000000 0.000000
43 106 11 19 0.000000 0.000000
44 70 11 3 0.000000 0.000000
45 18 11 5 0.000000 0.000000
46 94 11 1 0.000000 0.000000
47 75 11 15 0.000000 0.000000
48 36 12 9 0.000000 0.000000
49 54 12 2 0.000000 0.000000
50 65 12 3 0.000000 0.000000
60 26 13 6 0.000000 0.000000
61 57 13 2 0.000000 0.000000
62 83 13 0 0.000000 0.000000
72 53 14 2 0.000000 0.000000
73 13 14 4 0.000000 0.000000
74 66 14 3 0.000000 0.000000
75 47 15 11 0.000000 0.000000
76 93 15 1 0.000000 0.000000
77 89 15 0 0.000000 0.000000
78 15 16 4 0.000000 0.000000
79 51 16 2 0.000000 0.000000
80 98 16 1 0.000000 0.000000
90 101 17 1 0.000000 0.000000
91 22 17 6 0.000000 0.000000
92 81 17 0 0.000000 0.000000
102 38 18 9 0.000000 0.000000
103 63 18 3 0.000000 0.000000
104 86 18 0 0.000000 0.000000
105 71 19 3 0.000000 0.000000
106 43 19 11 0.000000 0.000000
107 87 19 0 0.000000 0.000000
0 3 23 101 91 30.000000 30.000000 1.000000
1 3 44 71 106 20.000000 20.000000 1.000000
2 3 35 56 40 40.000000 40.000000 1.000000
3 3 14 53 73 30.000000 30.000000 1.000000
4 3 80 3 51 -1.000000 -1.000000 1.000000
5 3 52 15 79 -1.000000 -1.000000 1.000000
6 3 70 45 19 -1.000000 -1.000000 1.000000
7 3 77 1 93 -1.000000 -1.000000 1.000000
8 3 92 82 22 -1.000000 -1.000000 1.000000
9 3 107 88 43 -1.000000 -1.000000 1.000000
10 3 29 2 99 -1.000000 -1.000000 1.000000
11 3 60 21 83 -1.000000 -1.000000 1.000000
12 3 48 37 65 -1.000000 -1.000000 1.000000
13 3 20 10 69 -1.000000 -1.000000 1.000000
14 3 55 36 49 -1.000000 -1.000000 1.000000
15 3 75 42 89 -1.000000 -1.000000 1.000000
16 3 62 4 57 -1.000000 -1.000000 1.000000
17 3 39 5 84 -1.000000 -1.000000 1.000000
18 3 104 7 63 -1.000000 -1.000000 1.000000
19 3 72 9 66 -1.000000 -1.000000 1.000000
20 3 90 0 81 -1.000000 -1.000000 1.000000
21 3 64 38 103 -1.000000 -1.000000 1.000000
22 3 100 24 28 -1.000000 -1.000000 1.000000
23 3 30 12 68 -1.000000 -1.000000 1.000000
24 3 74 67 13 -1.000000 -1.000000 1.000000
25 3 102 33 86 -1.000000 -1.000000 1.000000
26 3 97 17 31 -1.000000 -1.000000 1.000000
27 3 78 16 98 -1.000000 -1.000000 1.000000
28 3 94 47 76 -1.000000 -1.000000 1.000000
29 3 27 25 59 -1.000000 -1.000000 1.000000
30 3 41 85 34 -1.000000 -1.000000 1.000000
31 3 32 11 96 -1.000000 -1.000000 1.000000
32 3 58 26 61 -1.000000 -1.000000 1.000000
33 3 18 46 95 -1.000000 -1.000000 1.000000
34 3 50 8 54 -1.000000 -1.000000 1.000000
35 3 105 6 87 -1.000000 -1.000000 1.000000
