14 72 24
0 10.000000 20.000000 1.000000
1 10.000000 10.000000 1.000000
2 20.000000 10.000000 1.000000
3 20.000000 20.000000 1.000000
4 0.000000 30.000000 1.000000
5 0.000000 0.000000 1.000000
6 30.000000 0.000000 1.000000
7 30.000000 30.000000 1.000000
8 -1.000000 -1.000000 1.000000
9 -1.000000 -1.000000 1.000000
10 -1.000000 -1.000000 1.000000
11 -1.000000 -1.000000 1.000000
12 -1.000000 -1.000000 1.000000
13 -1.000000 -1.000000 1.000000
0 1 0 1 1.000000 1.000000
48 54 0 11 0.000000 0.000000
3 2 0 3 1.000000 1.000000
49 30 0 8 0.000000 0.000000
8 9 0 4 1.000000 1.000000
50 39 0 9 0.000000 0.000000
1 0 1 0 1.000000 1.000000
41 38 1 9 0.000000 0.000000
14 15 1 5 1.000000 1.000000
42 58 1 12 0.000000 0.000000
6 7 1 2 1.000000 1.000000
43 51 1 11 0.000000 0.000000
4 5 2 3 1.000000 1.000000
66 52 2 11 0.000000 0.000000
7 6 2 1 1.000000 1.000000
67 57 2 12 0.000000 0.000000
12 13 2 6 1.000000 1.000000
68 62 2 13 0.000000 0.000000
2 3 3 0 1.000000 1.000000
69 53 3 11 0.000000 0.000000
5 4 3 2 1.000000 1.000000
70 65 3 13 0.000000 0.000000
10 11 3 7 1.000000 1.000000
71 31 3 8 0.000000 0.000000
9 8 4 0 1.000000 1.000000
59 33 4 8 0.000000 0.000000
19 18 4 7 1.000000 1.000000
60 44 4 10 0.000000 0.000000
16 17 4 5 1.000000 1.000000
61 40 4 9 0.000000 0.000000
15 14 5 1 1.000000 1.000000
24 37 5 9 0.000000 0.000000
17 16 5 4 1.000000 1.000000
25 47 5 10 0.000000 0.000000
22 23 5 6 1.000000 1.000000
26 55 5 12 0.000000 0.000000
13 12 6 2 1.000000 1.000000
34 56 6 12 0.000000 0.000000
23 22 6 5 1.000000 1.000000
35 46 6 10 0.000000 0.000000
20 21 6 7 1.000000 1.000000
36 63 6 13 0.000000 0.000000
11 10 7 3 1.000000 1.000000
27 64 7 13 0.000000 0.000000
21 20 7 6 1.000000 1.000000
28 45 7 10 0.000000 0.000000
18 19 7 4 1.000000 1.000000
29 32 7 8 0.000000 0.000000
30 49 8 0 0.000000 0.000000
31 71 8 3 0.000000 0.000000
32 29 8 7 0.000000 0.000000
33 59 8 4 0.000000 0.000000
37 24 9 5 0.000000 0.000000
38 41 9 1 0.000000 0.000000
39 50 9 0 0.000000 0.000000
40 61 9 4 0.000000 0.000000
44 60 10 4 0.000000 0.000000
45 28 10 7 0.000000 0.000000
46 35 10 6 0.000000 0.000000
47 25 10 5 0.000000 0.000000
51 43 11 1 0.000000 0.000000
52 66 11 2 0.000000 0.000000
53 69 11 3 0.000000 0.000000
54 48 11 0 0.000000 0.000000
55 26 12 5 0.000000 0.000000
56 34 12 6 0.000000 0.000000
57 67 12 2 0.000000 0.000000
58 42 12 1 0.000000 0.000000
62 68 13 2 0.000000 0.000000
63 36 13 6 0.000000 0.000000
64 27 13 7 0.000000 0.000000
65 70 13 3 0.000000 0.000000
0 3 7 43 52 15.000000 15.000000 1.000000
1 3 14 24 38 5.000000 5.000000 1.000000
2 3 23 26 56 15.000000 15.000000 1.000000
3 3 13 68 63 25.000000 25.000000 1.000000
4 3 2 49 31 15.000000 15.000000 1.000000
5 3 18 60 45 15.000000 15.000000 1.000000
6 3 54 3 69 -1.000000 -1.000000 1.000000
7 3 46 20 28 -1.000000 -1.000000 1.000000
8 3 32 11 71 -1.000000 -1.000000 1.000000
9 3 44 16 25 -1.000000 -1.000000 1.000000
10 3 37 17 61 -1.000000 -1.000000 1.000000
11 3 53 5 66 -1.000000 -1.000000 1.000000
12 3 65 10 27 -1.000000 -1.000000 1.000000
13 3 30 8 59 -1.000000 -1.000000 1.000000
14 3 39 0 41 -1.000000 -1.000000 1.000000
15 3 62 4 70 -1.000000 -1.000000 1.000000
16 3 33 19 29 -1.000000 -1.000000 1.000000
17 3 40 9 50 -1.000000 -1.000000 1.000000
18 3 51 1 48 -1.000000 -1.000000 1.000000
19 3 55 15 42 -1.000000 -1.000000 1.000000
20 3 64 21 36 -1.000000 -1.000000 1.000000
21 3 47 22 35 -1.000000 -1.000000 1.000000
22 3 58 6 67 -1.000000 -1.000000 1.000000
23 3 57 12 34 -1.000000 -1.000000 1.000000
