8 36 12
0 30.000000 20.000000 1.000000
1 -1.000000 -1.000000 1.000000
2 -1.000000 -1.000000 1.000000
3 0.000000 0.000000 1.000000
4 60.000000 0.000000 1.000000
5 -1.000000 -1.000000 1.000000
6 30.000000 60.000000 1.000000
7 -1.000000 -1.000000 1.000000
0 12 0 3 1.000000 1.000000
1 33 0 7 0.000000 0.000000
2 22 0 4 1.000000 1.000000
3 9 0 2 0.000000 0.000000
4 27 0 6 1.000000 1.000000
5 6 0 1 0.000000 0.000000
6 5 1 0 0.000000 0.000000
7 32 1 6 0.000000 0.000000
8 13 1 3 0.000000 0.000000
9 3 2 0 0.000000 0.000000
10 21 2 4 0.000000 0.000000
11 28 2 6 0.000000 0.000000
12 0 3 0 1.000000 1.000000
13 8 3 1 0.000000 0.000000
14 31 3 6 1.000000 1.000000
15 26 3 5 0.000000 0.000000
16 18 3 4 1.000000 1.000000
17 34 3 7 0.000000 0.000000
18 16 4 3 1.000000 1.000000
19 25 4 5 0.000000 0.000000
20 29 4 6 1.000000 1.000000
21 10 4 2 0.000000 0.000000
22 2 4 0 1.000000 1.000000
23 35 4 7 0.000000 0.000000
24 30 5 6 0.000000 0.000000
25 19 5 4 0.000000 0.000000
26 15 5 3 0.000000 0.000000
27 4 6 0 1.000000 1.000000
28 11 6 2 0.000000 0.000000
29 20 6 4 1.000000 1.000000
30 24 6 5 0.000000 0.000000
31 14 6 3 1.000000 1.000000
32 7 6 1 0.000000 0.000000
33 1 7 0 0.000000 0.000000
34 17 7 3 0.000000 0.000000
35 23 7 4 0.000000 0.000000
0 3 27 5 7 20.000000 20.000000 1.000000
1 3 6 0 13 -1.000000 -1.000000 1.000000
2 3 8 14 32 -1.000000 -1.000000 1.000000
3 3 11 29 21 -1.000000 -1.000000 1.000000
4 3 33 2 23 -1.000000 -1.000000 1.000000
5 3 20 30 25 30.000000 30.000000 1.000000
6 3 22 3 10 40.000000 40.000000 1.000000
7 3 9 4 28 -1.000000 -1.000000 1.000000
8 3 35 18 17 -1.000000 -1.000000 1.000000
9 3 12 1 34 30.000000 30.000000 1.000000
10 3 24 31 15 -1.000000 -1.000000 1.000000
11 3 26 16 19 -1.000000 -1.000000 1.000000
