Graph Info:	grids_5	Number of Vertices	595856
	RSD SSSP										Dijkstra SSSP
	Runtime (ms)	RSD %	Runtime (ms)	RSD %	Runtime (ms)	RSD %	Runtime (ms)	RSD %	Runtime (ms)	Runtime (ms)	Runtime (ms)	Runtime (ms)
400	182245.62	7.15	167831.78	7.33	155869.17	5.41	144494.13	5.23	1522.00	740.30	483.46	532.63
600	121065.20	5.39	126129.52	5.22	131289.40	9.77	128854.84	15.65	593.61	607.56	592.35	494.92
800	126443.56	6.04	124667.06	6.26	122625.18	5.95	118315.33	6.66	513.06	485.59	470.19	467.81
900	114456.13	10.22	143955.70	5.29	118689.70	7.03	119931.06	6.55	2557.42	618.93	619.48	1360.57
1000	129425.07	5.29	137765.20	6.24	130813.85	6.04	142289.96	6.32	524.56	568.57	477.80	472.72
1100	134324.32	5.74	138796.72	6.05	143895.61	5.26	127696.25	5.22	520.67	494.57	671.58	1380.22
1200	137607.07	7.97	149410.31	7.07	145794.89	4.63	148217.46	7.19	719.57	519.83	482.13	487.92
1400	164443.20	10.62	166932.92	10.22	130224.49	5.37	193657.38	4.53	731.24	520.28	548.77	476.77
1600	150151.97	6.89	150448.69	5.86	191104.51	5.00	209240.02	36.08	814.55	505.67	503.10	486.35
1800	142329.68	6.02	168759.93	4.38	168342.20	4.85	187316.80	30.91	578.50	543.02	511.73	512.70
2000	150893.61	9.82	148518.59	5.24	163959.75	5.25	136825.39	4.98	543.58	496.70	1024.62	469.26
