Graph Info:	random_5	Number of Vertices	500003
	RSD SSSP										Dijkstra SSSP
	Runtime (ms)	RSD %	Runtime (ms)	RSD %	Runtime (ms)	RSD %	Runtime (ms)	RSD %	Runtime (ms)	Runtime (ms)	Runtime (ms)	Runtime (ms)
400	130615.16	10.87	118111.20	6.64	103198.14	7.67	106605.38	7.99	1309.00	281.74	267.94	266.05
600	98974.42	9.21	125698.42	16.71	133585.98	6.47	106102.01	9.45	357.27	386.21	293.75	1189.75
800	107781.11	8.51	112812.68	8.50	146144.14	6.53	117284.34	10.24	296.64	289.42	366.55	345.49
900	129481.09	9.05	118901.42	11.69	114312.83	9.50	111392.33	8.26	267.33	1331.28	349.93	336.63
1000	118830.19	9.47	133057.02	8.70	125852.34	7.25	111084.36	10.43	552.53	2047.39	347.56	345.55
1100	134433.37	16.65	194129.47	5.36	111903.81	8.07	121406.52	8.61	272.12	1062.27	254.31	255.23
1200	111746.76	9.58	121675.98	9.01	115077.02	8.84	120250.27	8.05	280.35	255.67	254.57	948.06
1400	117248.74	9.89	124200.66	8.16	114014.20	8.36	120197.64	8.74	253.24	1144.96	269.53	255.26
1600	134176.95	16.32	126771.22	8.44	120106.55	9.40	119967.55	8.24	1204.34	278.65	279.71	264.76
1800	130533.40	16.89	156225.98	8.20	121958.61	8.32	131249.15	9.17	270.21	262.96	259.14	267.94
2000	139099.25	21.03	131464.29	12.30	146934.83	15.06	134157.44	10.06	443.32	1394.99	262.34	288.40
