Graph Info:	Sphere_t_12	Number of Vertices	354296
	RSD SSSP										Dijkstra SSSP
	Runtime (ms)	RSD %	Runtime (ms)	RSD %	Runtime (ms)	RSD %	Runtime (ms)	RSD %	Runtime (ms)	Runtime (ms)	Runtime (ms)	Runtime (ms)
400	80326.68	9.12	79984.30	8.47	81125.97	8.16	84305.34	7.61	208.84	1201.56	262.29	388.01
600	87118.77	8.52	92338.34	7.74	86369.32	10.48	86978.07	7.24	260.14	443.70	565.83	350.40
800	103858.87	7.05	107184.36	18.75	86024.97	8.17	94978.63	7.94	232.11	383.64	197.35	226.02
900	108649.72	19.79	91650.47	7.58	94887.23	9.02	108234.19	19.47	291.20	421.97	383.29	277.53
1000	95618.95	8.83	96516.81	6.94	100518.97	18.34	92159.63	8.89	201.99	302.12	374.33	503.84
1100	95730.50	9.79	100828.74	20.68	94612.75	11.09	98200.07	10.63	301.20	215.36	208.05	205.26
1200	96119.31	19.22	89483.94	9.45	95173.68	10.62	99711.03	20.50	368.88	706.85	462.67	428.88
1400	104240.32	20.92	93706.31	10.15	84090.18	9.79	94455.92	19.62	288.35	291.20	292.84	342.17
1600	85501.36	12.05	93434.96	13.29	109897.37	19.98	94991.59	19.61	366.93	405.58	358.45	363.19
1800	121489.39	16.57	116213.61	15.11	118458.83	14.74	118484.48	6.88	285.06	220.73	194.51	206.56
2000	108649.22	6.49	109858.98	7.82	109309.75	8.43	105248.74	8.53	157.34	158.13	157.14	157.84
