Graph Info:	Sphere_c_12	Number of Vertices	708590
	RSD SSSP										Dijkstra SSSP
	Runtime (ms)	RSD %	Runtime (ms)	RSD %	Runtime (ms)	RSD %	Runtime (ms)	RSD %	Runtime (ms)	Runtime (ms)	Runtime (ms)	Runtime (ms)
400	193239.80	8.12	170252.59	17.76	173272.07	18.62	184285.13	23.17	612.24	495.19	5273.21	713.02
600	172251.49	8.43	167182.11	7.52	182574.26	9.56	179332.58	18.62	3578.28	442.24	413.20	367.01
800	179524.18	19.89	179820.55	9.56	170009.47	17.01	191491.94	22.06	438.10	371.74	365.98	1597.92
900	191159.21	10.07	178578.75	17.80	185952.46	9.58	185239.75	9.32	373.55	1599.58	356.24	371.96
1000	198333.99	9.61	190066.71	8.69	206351.70	7.99	183509.13	9.10	361.19	360.61	1367.44	380.55
1100	194193.43	11.53	195128.10	23.61	198928.06	19.06	188804.13	12.32	517.04	399.27	375.99	1245.87
1200	189843.96	11.07	184109.40	11.05	214662.35	16.91	210965.25	10.50	1834.93	383.61	372.46	400.97
1400	190934.74	11.47	209634.84	13.49	248385.09	9.79	234165.04	15.48	819.58	788.94	664.83	814.37
1600	217539.76	11.29	215717.20	11.46	275912.20	30.39	267180.08	8.67	2488.00	515.87	676.32	466.60
1800	303600.43	17.30	291848.98	10.17	317444.65	8.26	290489.33	7.77	565.33	461.44	453.13	1421.76
2000	261358.73	8.42	301090.55	12.43	291551.56	10.33	318726.13	8.72	656.52	561.81	6274.27	547.80
