33 186 62
0 0.000000 1.000000 1.000000
1 -1.000000 0.000000 1.000000
2 1.000000 0.000000 1.000000
3 -1.000000 -1.000000 1.000000
4 -1.000000 -1.000000 1.000000
5 -1.000000 -1.000000 1.000000
6 -1.000000 -1.000000 1.000000
7 -1.000000 -1.000000 1.000000
8 -1.000000 -1.000000 1.000000
9 -1.000000 -1.000000 1.000000
10 -1.000000 -1.000000 1.000000
11 -1.000000 -1.000000 1.000000
12 -1.000000 -1.000000 1.000000
13 -1.000000 -1.000000 1.000000
14 -1.000000 -1.000000 1.000000
15 -1.000000 -1.000000 1.000000
16 -1.000000 -1.000000 1.000000
17 -1.000000 -1.000000 1.000000
18 -1.000000 -1.000000 1.000000
19 -1.000000 -1.000000 1.000000
20 -1.000000 -1.000000 1.000000
21 -1.000000 -1.000000 1.000000
22 -1.000000 -1.000000 1.000000
23 -1.000000 -1.000000 1.000000
24 -1.000000 -1.000000 1.000000
25 -1.000000 -1.000000 1.000000
26 -1.000000 -1.000000 1.000000
27 -1.000000 -1.000000 1.000000
28 -1.000000 -1.000000 1.000000
29 -1.000000 -1.000000 1.000000
30 -1.000000 -1.000000 1.000000
31 -1.000000 -1.000000 1.000000
32 -1.000000 -1.000000 1.000000
1 0 0 1 1.000000 1.000000
4 5 0 2 1.000000 1.000000
41 83 0 16 0.000000 0.000000
42 163 0 29 0.000000 0.000000
43 12 0 4 0.000000 0.000000
0 1 1 0 1.000000 1.000000
22 11 1 4 0.000000 0.000000
23 85 1 16 0.000000 0.000000
3 2 1 2 1.000000 1.000000
2 3 2 1 1.000000 1.000000
161 84 2 16 0.000000 0.000000
5 4 2 0 1.000000 1.000000
6 26 3 6 0.000000 0.000000
7 75 3 14 0.000000 0.000000
8 34 3 7 0.000000 0.000000
9 44 3 9 0.000000 0.000000
10 86 4 16 0.000000 0.000000
11 22 4 1 0.000000 0.000000
12 43 4 0 0.000000 0.000000
13 162 4 29 0.000000 0.000000
14 36 4 8 0.000000 0.000000
15 17 4 5 0.000000 0.000000
16 87 5 16 0.000000 0.000000
17 15 5 4 0.000000 0.000000
18 35 5 8 0.000000 0.000000
19 143 5 26 0.000000 0.000000
20 176 5 31 0.000000 0.000000
21 165 5 29 0.000000 0.000000
24 152 6 27 0.000000 0.000000
25 76 6 14 0.000000 0.000000
26 6 6 3 0.000000 0.000000
27 46 6 9 0.000000 0.000000
28 32 6 7 0.000000 0.000000
29 74 7 14 0.000000 0.000000
30 57 7 11 0.000000 0.000000
31 153 7 27 0.000000 0.000000
32 28 7 6 0.000000 0.000000
33 45 7 9 0.000000 0.000000
34 8 7 3 0.000000 0.000000
35 18 8 5 0.000000 0.000000
36 14 8 4 0.000000 0.000000
37 167 8 29 0.000000 0.000000
38 174 8 31 0.000000 0.000000
39 60 8 12 0.000000 0.000000
40 144 8 26 0.000000 0.000000
44 9 9 3 0.000000 0.000000
45 33 9 7 0.000000 0.000000
46 27 9 6 0.000000 0.000000
47 79 10 15 0.000000 0.000000
48 93 10 17 0.000000 0.000000
49 70 10 13 0.000000 0.000000
50 53 10 11 0.000000 0.000000
51 72 10 14 0.000000 0.000000
52 150 10 27 0.000000 0.000000
53 50 11 10 0.000000 0.000000
54 69 11 13 0.000000 0.000000
55 81 11 15 0.000000 0.000000
56 154 11 27 0.000000 0.000000
57 30 11 7 0.000000 0.000000
58 73 11 14 0.000000 0.000000
59 145 12 26 0.000000 0.000000
60 39 12 8 0.000000 0.000000
61 179 12 31 0.000000 0.000000
62 155 12 28 0.000000 0.000000
63 102 12 19 0.000000 0.000000
64 132 12 24 0.000000 0.000000
65 92 13 17 0.000000 0.000000
66 184 13 32 0.000000 0.000000
67 111 13 20 0.000000 0.000000
68 82 13 15 0.000000 0.000000
69 54 13 11 0.000000 0.000000
70 49 13 10 0.000000 0.000000
71 151 14 27 0.000000 0.000000
72 51 14 10 0.000000 0.000000
73 58 14 11 0.000000 0.000000
74 29 14 7 0.000000 0.000000
75 7 14 3 0.000000 0.000000
76 25 14 6 0.000000 0.000000
77 110 15 20 0.000000 0.000000
78 94 15 17 0.000000 0.000000
79 47 15 10 0.000000 0.000000
80 149 15 27 0.000000 0.000000
81 55 15 11 0.000000 0.000000
82 68 15 13 0.000000 0.000000
83 41 16 0 0.000000 0.000000
84 161 16 2 0.000000 0.000000
85 23 16 1 0.000000 0.000000
86 10 16 4 0.000000 0.000000
87 16 16 5 0.000000 0.000000
88 164 16 29 0.000000 0.000000
89 109 17 20 0.000000 0.000000
90 141 17 25 0.000000 0.000000
91 185 17 32 0.000000 0.000000
92 65 17 13 0.000000 0.000000
93 48 17 10 0.000000 0.000000
94 78 17 15 0.000000 0.000000
95 134 18 24 0.000000 0.000000
96 106 18 19 0.000000 0.000000
97 125 18 23 0.000000 0.000000
98 113 18 21 0.000000 0.000000
99 170 18 30 0.000000 0.000000
100 122 18 22 0.000000 0.000000
101 133 19 24 0.000000 0.000000
102 63 19 12 0.000000 0.000000
103 160 19 28 0.000000 0.000000
104 119 19 22 0.000000 0.000000
105 126 19 23 0.000000 0.000000
106 96 19 18 0.000000 0.000000
107 116 20 21 0.000000 0.000000
108 142 20 25 0.000000 0.000000
109 89 20 17 0.000000 0.000000
110 77 20 15 0.000000 0.000000
111 67 20 13 0.000000 0.000000
112 183 20 32 0.000000 0.000000
113 98 21 18 0.000000 0.000000
114 130 21 23 0.000000 0.000000
115 137 21 25 0.000000 0.000000
116 107 21 20 0.000000 0.000000
117 182 21 32 0.000000 0.000000
118 171 21 30 0.000000 0.000000
119 104 22 19 0.000000 0.000000
120 159 22 28 0.000000 0.000000
121 135 22 24 0.000000 0.000000
122 100 22 18 0.000000 0.000000
123 169 22 30 0.000000 0.000000
124 127 22 23 0.000000 0.000000
125 97 23 18 0.000000 0.000000
126 105 23 19 0.000000 0.000000
127 124 23 22 0.000000 0.000000
128 168 23 30 0.000000 0.000000
129 138 23 25 0.000000 0.000000
130 114 23 21 0.000000 0.000000
131 146 24 26 0.000000 0.000000
132 64 24 12 0.000000 0.000000
133 101 24 19 0.000000 0.000000
134 95 24 18 0.000000 0.000000
135 121 24 22 0.000000 0.000000
136 158 24 28 0.000000 0.000000
137 115 25 21 0.000000 0.000000
138 129 25 23 0.000000 0.000000
139 173 25 30 0.000000 0.000000
140 180 25 32 0.000000 0.000000
141 90 25 17 0.000000 0.000000
142 108 25 20 0.000000 0.000000
143 19 26 5 0.000000 0.000000
144 40 26 8 0.000000 0.000000
145 59 26 12 0.000000 0.000000
146 131 26 24 0.000000 0.000000
147 157 26 28 0.000000 0.000000
148 177 26 31 0.000000 0.000000
149 80 27 15 0.000000 0.000000
150 52 27 10 0.000000 0.000000
151 71 27 14 0.000000 0.000000
152 24 27 6 0.000000 0.000000
153 31 27 7 0.000000 0.000000
154 56 27 11 0.000000 0.000000
155 62 28 12 0.000000 0.000000
156 178 28 31 0.000000 0.000000
157 147 28 26 0.000000 0.000000
158 136 28 24 0.000000 0.000000
159 120 28 22 0.000000 0.000000
160 103 28 19 0.000000 0.000000
162 13 29 4 0.000000 0.000000
163 42 29 0 0.000000 0.000000
164 88 29 16 0.000000 0.000000
165 21 29 5 0.000000 0.000000
166 175 29 31 0.000000 0.000000
167 37 29 8 0.000000 0.000000
168 128 30 23 0.000000 0.000000
169 123 30 22 0.000000 0.000000
170 99 30 18 0.000000 0.000000
171 118 30 21 0.000000 0.000000
172 181 30 32 0.000000 0.000000
173 139 30 25 0.000000 0.000000
174 38 31 8 0.000000 0.000000
175 166 31 29 0.000000 0.000000
176 20 31 5 0.000000 0.000000
177 148 31 26 0.000000 0.000000
178 156 31 28 0.000000 0.000000
179 61 31 12 0.000000 0.000000
180 140 32 25 0.000000 0.000000
181 172 32 30 0.000000 0.000000
182 117 32 21 0.000000 0.000000
183 112 32 20 0.000000 0.000000
184 66 32 13 0.000000 0.000000
185 91 32 17 0.000000 0.000000
0 3 5 41 84 0.000000 0.000000 1.000000
1 3 4 2 0 0.000000 0.000000 1.000000
2 3 124 128 169 -1.000000 -1.000000 1.000000
3 3 43 13 163 -1.000000 -1.000000 1.000000
4 3 131 147 158 -1.000000 -1.000000 1.000000
5 3 23 86 11 -1.000000 -1.000000 1.000000
6 3 71 152 25 -1.000000 -1.000000 1.000000
7 3 31 154 57 -1.000000 -1.000000 1.000000
8 3 179 62 156 -1.000000 -1.000000 1.000000
9 3 137 116 108 -1.000000 -1.000000 1.000000
10 3 173 140 181 -1.000000 -1.000000 1.000000
11 3 24 153 32 -1.000000 -1.000000 1.000000
12 3 94 79 48 -1.000000 -1.000000 1.000000
13 3 160 104 120 -1.000000 -1.000000 1.000000
14 3 35 19 144 -1.000000 -1.000000 1.000000
15 3 139 168 129 -1.000000 -1.000000 1.000000
16 3 46 28 33 -1.000000 -1.000000 1.000000
17 3 143 20 177 -1.000000 -1.000000 1.000000
18 3 85 3 161 -1.000000 -1.000000 1.000000
19 3 59 146 132 -1.000000 -1.000000 1.000000
20 3 185 92 66 -1.000000 -1.000000 1.000000
21 3 73 53 51 -1.000000 -1.000000 1.000000
22 3 16 88 165 -1.000000 -1.000000 1.000000
23 3 127 119 105 -1.000000 -1.000000 1.000000
24 3 64 133 102 -1.000000 -1.000000 1.000000
25 3 8 29 75 -1.000000 -1.000000 1.000000
26 3 58 74 30 -1.000000 -1.000000 1.000000
27 3 12 1 22 -1.000000 -1.000000 1.000000
28 3 52 151 72 -1.000000 -1.000000 1.000000
29 3 77 111 68 -1.000000 -1.000000 1.000000
30 3 142 109 90 -1.000000 -1.000000 1.000000
31 3 37 162 14 -1.000000 -1.000000 1.000000
32 3 27 44 6 -1.000000 -1.000000 1.000000
33 3 170 100 123 -1.000000 -1.000000 1.000000
34 3 10 87 17 -1.000000 -1.000000 1.000000
35 3 101 134 96 -1.000000 -1.000000 1.000000
36 3 89 110 78 -1.000000 -1.000000 1.000000
37 3 61 174 39 -1.000000 -1.000000 1.000000
38 3 130 115 138 -1.000000 -1.000000 1.000000
39 3 95 135 122 -1.000000 -1.000000 1.000000
40 3 157 148 178 -1.000000 -1.000000 1.000000
41 3 49 65 93 -1.000000 -1.000000 1.000000
42 3 15 18 36 -1.000000 -1.000000 1.000000
43 3 125 98 114 -1.000000 -1.000000 1.000000
44 3 91 180 141 -1.000000 -1.000000 1.000000
45 3 106 97 126 -1.000000 -1.000000 1.000000
46 3 149 81 56 -1.000000 -1.000000 1.000000
47 3 121 136 159 -1.000000 -1.000000 1.000000
48 3 70 50 54 -1.000000 -1.000000 1.000000
49 3 113 99 171 -1.000000 -1.000000 1.000000
50 3 103 155 63 -1.000000 -1.000000 1.000000
51 3 40 145 60 -1.000000 -1.000000 1.000000
52 3 55 82 69 -1.000000 -1.000000 1.000000
53 3 182 118 172 -1.000000 -1.000000 1.000000
54 3 67 112 184 -1.000000 -1.000000 1.000000
55 3 34 9 45 -1.000000 -1.000000 1.000000
56 3 164 83 42 -1.000000 -1.000000 1.000000
57 3 76 26 7 -1.000000 -1.000000 1.000000
58 3 176 21 166 -1.000000 -1.000000 1.000000
59 3 167 38 175 -1.000000 -1.000000 1.000000
60 3 107 117 183 -1.000000 -1.000000 1.000000
61 3 47 80 150 -1.000000 -1.000000 1.000000
