Graph Info:	cylinder/rnd_5	Number of Vertices	300003
	RSD SSSP										Dijkstra SSSP
	Runtime (ms)	RSD %	Runtime (ms)	RSD %	Runtime (ms)	RSD %	Runtime (ms)	RSD %	Runtime (ms)	Runtime (ms)	Runtime (ms)	Runtime (ms)
400	72172.90	19.84	65170.65	7.34	73460.33	4.60	67653.68	7.95	249.59	1063.63	241.79	235.52
600	72469.87	5.21	68460.29	8.58	70317.33	7.51	60358.68	7.64	250.70	263.62	255.36	441.24
800	78304.17	15.91	63846.20	8.12	70621.99	17.24	68513.25	5.42	224.75	238.20	222.91	227.58
900	85434.33	3.35	81458.38	7.85	79854.60	19.10	73748.72	5.37	218.16	1206.26	222.46	228.46
1000	65637.77	6.22	68586.11	5.57	69158.09	8.17	65474.12	6.06	223.26	239.45	224.22	235.87
1100	81709.00	7.45	69290.82	6.74	74310.23	6.32	67512.61	6.15	219.75	218.80	218.33	223.37
1200	74558.47	8.84	67903.64	9.27	69358.16	7.31	66042.68	5.82	223.87	247.18	228.17	232.73
1400	67740.47	6.17	67759.82	5.65	68876.87	5.50	66740.20	5.84	220.50	258.13	231.82	226.88
1600	72534.90	8.32	73422.39	6.37	73029.51	6.33	69890.82	6.34	220.74	256.36	234.52	244.24
1800	81863.23	9.93	97746.04	5.81	77496.82	6.35	80208.84	13.71	240.14	267.78	903.68	239.10
2000	72982.07	6.64	74131.63	5.72	72529.26	6.06	73007.44	6.22	219.32	216.03	225.36	1365.53
