Graph Info:	cylinder/symm_5	Number of Vertices	300003
	RSD SSSP										Dijkstra SSSP
	Runtime (ms)	RSD %	Runtime (ms)	RSD %	Runtime (ms)	RSD %	Runtime (ms)	RSD %	Runtime (ms)	Runtime (ms)	Runtime (ms)	Runtime (ms)
400	48554.63	6.66	55273.89	5.22	56495.88	8.54	65880.51	3.39	125.68	125.77	126.81	128.41
600	53600.82	6.46	54534.38	4.98	60121.78	5.58	54700.08	5.73	128.78	126.45	128.26	127.22
800	54417.41	4.96	57364.17	8.15	68639.63	16.27	63751.88	9.20	228.02	147.04	135.30	163.58
900	83463.84	26.63	69990.30	6.62	64323.06	15.20	59241.53	6.79	162.05	165.49	136.58	157.32
1000	71455.33	5.33	57481.74	4.30	62952.58	16.45	58978.17	4.49	1180.78	166.98	149.00	132.79
1100	70176.94	5.93	64290.73	4.82	69334.25	3.97	62604.76	8.46	127.19	129.56	132.09	128.45
1200	73066.83	4.94	69654.51	4.38	65939.00	4.27	63436.81	3.87	118.80	124.39	125.92	124.59
1400	66524.87	4.56	65946.30	7.48	66543.18	4.01	63555.44	3.91	118.40	125.11	129.82	131.31
1600	64614.38	5.60	62662.27	4.53	67717.11	8.50	59514.95	5.71	1190.12	127.77	132.36	126.59
1800	70358.95	4.14	71156.72	4.79	73064.49	4.22	75071.58	14.12	173.97	133.63	134.89	131.36
2000	68634.93	3.79	74863.10	4.06	67169.22	4.28	70225.33	3.59	119.30	1051.88	130.48	127.02
