Graph Info:	cylinder/unsymm_5	Number of Vertices	300003
	RSD SSSP										Dijkstra SSSP
	Runtime (ms)	RSD %	Runtime (ms)	RSD %	Runtime (ms)	RSD %	Runtime (ms)	RSD %	Runtime (ms)	Runtime (ms)	Runtime (ms)	Runtime (ms)
400	55988.45	19.34	51685.87	4.93	73019.67	4.31	61633.75	6.32	811.28	159.94	153.14	164.65
600	61457.20	17.81	53651.08	4.60	59087.46	6.49	55475.83	5.55	158.06	150.14	150.09	164.16
800	64915.43	4.33	56429.09	4.25	63414.16	16.07	58395.50	6.86	158.96	151.44	148.50	159.53
900	63899.77	16.30	57592.54	6.73	63793.61	16.68	59434.21	4.62	193.65	156.96	152.66	162.81
1000	59997.44	6.24	63795.10	6.89	71276.81	5.71	60320.73	7.95	183.69	152.81	152.88	162.85
1100	61781.90	15.88	54804.80	5.02	55448.41	6.02	58182.90	3.78	1541.73	172.59	226.63	197.61
1200	67119.18	4.39	65234.33	4.71	62643.26	5.51	67752.62	6.42	160.12	146.83	148.21	157.95
1400	59845.11	5.69	64939.64	4.74	60217.13	4.20	64538.47	3.85	160.03	149.06	147.38	1215.29
1600	59139.02	5.00	63238.91	6.37	59786.48	7.13	81203.41	3.97	169.11	153.37	150.06	165.93
1800	77442.35	15.00	80194.12	3.96	73192.89	6.12	77025.38	12.12	162.49	162.70	166.41	171.54
2000	72453.91	6.45	77980.37	4.21	85462.40	14.23	67874.01	4.53	156.22	147.54	150.68	1207.40
