Graph Info:	Number of Vertices	3003
		Exact LCA
	Separator Size	Balance Ratio	Runtime (ms)
0	1001	1.66578	256.14
1	1003	1.66356	122.75
2	1003	1.66534	202.68
3	999	1.66445	269.63
4	999	1.66622	209.69
5	1001	1.66401	144.26
6	995	1.66711	174.80
7	997	1.66489	162.07
8	997	1.66667	97.54
9	993	1.66578	89.22
10	993	1.66756	69.45
11	995	1.66533	63.64
12	989	1.66845	84.80
13	991	1.66622	63.55
14	991	1.66800	67.82
15	987	1.66711	147.47
16	987	1.66890	163.07
17	989	1.66667	65.17
18	983	1.66979	61.06
19	985	1.66756	65.63
20	985	1.66934	82.81
21	981	1.66845	86.75
22	981	1.67024	59.15
23	983	1.66801	69.46
24	977	1.67114	93.61
25	979	1.66890	65.81
26	979	1.67069	67.86
27	975	1.66980	100.58
28	975	1.67159	148.06
29	977	1.66935	132.24
30	971	1.67249	146.94
31	973	1.67025	60.23
32	973	1.67204	64.79
33	969	1.67115	57.17
34	969	1.67295	69.64
35	971	1.67070	74.12
36	965	1.67385	58.55
37	967	1.67160	64.83
38	967	1.67340	83.73
39	963	1.67251	77.21
40	963	1.67431	60.90
41	965	1.67205	57.13
42	959	1.67522	117.79
43	961	1.67296	71.38
44	961	1.67476	59.33
45	957	1.67387	53.53
46	957	1.67568	131.34
47	959	1.67341	60.67
48	953	1.67659	53.72
49	955	1.67432	53.34
50	955	1.67613	79.01
51	951	1.67524	86.61
52	951	1.67705	58.32
53	953	1.67478	113.64
54	947	1.67797	75.77
55	949	1.67569	69.13
56	949	1.67751	101.43
57	945	1.67661	75.72
58	945	1.67843	54.93
59	947	1.67615	65.78
60	941	1.67935	104.10
61	943	1.67707	64.70
62	943	1.67889	60.58
63	939	1.67799	76.72
64	939	1.67981	51.97
65	941	1.67753	58.02
66	935	1.68074	137.96
67	937	1.67845	87.91
68	937	1.68027	62.15
69	933	1.67937	74.34
70	933	1.68120	120.08
71	935	1.67891	81.52
72	929	1.68213	99.42
73	931	1.67984	66.27
74	931	1.68166	85.59
75	927	1.68076	111.09
76	927	1.68259	59.54
77	929	1.68030	120.45
78	923	1.68353	79.18
79	925	1.68123	82.48
80	925	1.68306	81.98
81	921	1.68216	92.32
82	921	1.68399	54.77
83	923	1.68169	75.60
84	917	1.68493	91.28
85	919	1.68263	63.51
86	919	1.68446	68.07
87	915	1.68356	92.47
88	915	1.68540	54.86
89	917	1.68309	76.52
90	911	1.68634	101.54
91	913	1.68403	55.83
92	913	1.68587	59.47
93	909	1.68497	92.06
94	909	1.68681	66.88
95	911	1.68450	68.07
96	905	1.68776	102.87
97	907	1.68544	60.04
98	907	1.68729	92.61
99	903	1.68638	76.52
100	903	1.68823	61.21
101	905	1.68591	58.17
102	899	1.68918	77.24
103	901	1.68685	87.06
104	901	1.68871	59.92
105	897	1.68780	53.44
106	897	1.68966	87.66
107	899	1.68733	68.75
108	893	1.69061	58.51
109	895	1.68828	79.93
110	895	1.69013	91.39
111	891	1.68923	78.43
112	891	1.69109	74.01
113	893	1.68875	52.72
114	887	1.69204	67.46
115	889	1.68970	96.66
116	889	1.69156	69.00
117	885	1.69066	63.33
118	885	1.69252	57.92
119	887	1.69018	78.94
120	881	1.69348	69.59
121	883	1.69114	56.00
122	883	1.69300	51.62
123	879	1.69209	70.36
124	879	1.69396	91.48
125	881	1.69161	59.26
126	875	1.69493	51.67
127	877	1.69257	64.83
128	877	1.69444	56.67
129	873	1.69354	129.94
130	873	1.69541	136.92
131	875	1.69306	132.60
132	869	1.69638	252.37
133	871	1.69402	66.78
134	871	1.69589	74.30
135	867	1.69499	52.94
136	867	1.69686	101.98
137	869	1.69450	114.41
138	863	1.69784	56.51
139	865	1.69547	67.98
140	865	1.69735	84.02
141	861	1.69644	59.81
142	861	1.69832	53.12
143	863	1.69596	91.86
144	857	1.69930	66.22
145	859	1.69693	61.36
146	859	1.69881	75.71
147	855	1.69790	57.16
148	855	1.69979	111.20
149	857	1.69741	83.88
150	851	1.70077	94.29
151	853	1.69839	91.82
152	853	1.70028	75.98
153	849	1.69937	120.22
154	849	1.70126	106.46
155	851	1.69888	94.28
156	845	1.70225	130.38
157	847	1.69986	68.49
158	847	1.70175	67.30
159	843	1.70084	53.59
160	843	1.70274	75.79
161	845	1.70035	64.49
162	839	1.70373	48.50
163	841	1.70134	68.83
164	841	1.70323	73.17
165	837	1.70232	127.39
166	837	1.70423	156.49
167	839	1.70183	139.84
168	833	1.70522	68.62
169	835	1.70282	70.74
170	835	1.70472	163.82
171	831	1.70381	69.54
172	831	1.70572	59.99
173	833	1.70331	49.67
174	827	1.70671	66.15
175	829	1.70430	58.64
176	829	1.70621	53.44
177	825	1.70530	45.61
178	825	1.70721	50.94
179	827	1.70480	51.03
180	821	1.70822	52.08
181	823	1.70580	49.64
182	823	1.70771	47.43
183	819	1.70680	53.16
184	819	1.70872	49.58
185	821	1.70630	48.15
186	815	1.70972	43.79
187	817	1.70730	52.82
188	817	1.70922	52.77
189	813	1.70830	50.75
190	813	1.71023	45.84
191	815	1.70780	51.32
192	809	1.71124	56.86
193	811	1.70881	44.47
194	811	1.71073	50.98
195	807	1.70982	52.61
196	807	1.71174	48.45
197	809	1.70931	50.07
198	803	1.71276	53.20
199	805	1.71032	59.41
200	805	1.71225	60.20
201	801	1.71133	54.81
202	801	1.71327	56.91
203	803	1.71083	60.21
204	797	1.71429	53.21
205	799	1.71184	80.40
206	799	1.71378	76.14
207	795	1.71286	59.70
208	795	1.71480	59.30
209	797	1.71235	59.33
210	791	1.71582	70.45
211	793	1.71337	100.00
212	793	1.71531	57.61
213	789	1.71439	66.12
214	789	1.71633	72.39
215	791	1.71388	61.79
216	785	1.71736	58.62
217	787	1.71490	164.42
218	787	1.71685	68.11
219	783	1.71593	74.63
220	783	1.71788	59.16
221	785	1.71541	69.17
222	779	1.71891	64.36
223	781	1.71644	106.69
224	781	1.71839	76.40
225	777	1.71747	65.90
226	777	1.71942	67.36
227	779	1.71695	61.83
228	773	1.72046	62.11
229	775	1.71799	62.47
230	775	1.71994	71.36
231	771	1.71902	68.45
232	771	1.72098	60.10
233	773	1.71850	53.05
234	767	1.72202	67.94
235	769	1.71954	67.44
236	769	1.72150	64.90
237	765	1.72058	54.58
238	765	1.72254	64.88
239	767	1.72006	67.42
240	761	1.72359	55.17
241	763	1.72110	95.81
242	763	1.72307	87.74
243	759	1.72214	58.77
244	759	1.72411	55.35
245	761	1.72162	72.41
246	755	1.72516	69.47
247	757	1.72266	67.24
248	757	1.72464	64.47
249	753	1.72371	61.09
250	753	1.72569	56.00
251	755	1.72319	59.50
252	749	1.72674	66.38
253	751	1.72424	56.17
254	751	1.72622	55.59
255	747	1.72529	61.06
256	747	1.72727	58.78
257	749	1.72476	55.85
258	743	1.72833	53.71
259	745	1.72582	104.97
260	745	1.72780	82.07
261	741	1.72688	57.49
262	741	1.72886	53.76
263	743	1.72635	57.20
264	737	1.72993	57.29
265	739	1.72741	52.46
266	739	1.72939	51.30
267	735	1.72847	54.11
268	735	1.73046	61.14
269	737	1.72794	57.41
270	731	1.73153	58.91
271	733	1.72900	66.58
272	733	1.73099	69.16
273	729	1.73007	59.16
274	729	1.73206	52.72
275	731	1.72953	70.10
276	725	1.73314	87.78
277	727	1.73060	71.75
278	727	1.73260	54.68
279	723	1.73167	64.44
280	723	1.73368	63.35
281	725	1.73114	51.75
282	719	1.73475	59.67
283	721	1.73221	59.69
284	721	1.73421	68.48
285	717	1.73328	56.25
286	717	1.73529	66.17
287	719	1.73275	60.52
288	713	1.73638	62.95
289	715	1.73382	52.68
290	715	1.73584	77.78
291	711	1.73490	69.00
292	711	1.73692	49.33
293	713	1.73436	54.79
294	707	1.73801	58.05
295	709	1.73545	79.10
296	709	1.73746	54.11
297	705	1.73653	51.38
298	705	1.73855	50.40
299	707	1.73599	55.39
300	701	1.73964	53.35
301	703	1.73708	50.68
302	703	1.73910	52.90
303	699	1.73817	52.57
304	699	1.74019	53.57
305	701	1.73762	51.47
306	695	1.74129	45.68
307	697	1.73871	56.31
308	697	1.74074	56.51
309	693	1.73981	51.99
310	693	1.74184	55.34
311	695	1.73926	58.23
312	689	1.74294	55.92
313	691	1.74036	47.09
314	691	1.74239	51.20
315	687	1.74146	53.85
316	687	1.74349	58.37
317	689	1.74091	52.11
318	683	1.74460	50.70
319	685	1.74201	54.75
320	685	1.74405	56.71
321	681	1.74311	49.59
322	681	1.74516	49.08
323	683	1.74256	53.46
324	677	1.74627	53.72
325	679	1.74367	49.25
326	679	1.74571	50.44
327	675	1.74478	52.66
328	675	1.74683	53.00
329	677	1.74422	50.51
330	671	1.74794	48.84
331	673	1.74533	54.48
332	673	1.74738	52.08
333	669	1.74645	48.64
334	669	1.74850	49.43
335	671	1.74589	55.96
336	665	1.74963	53.53
337	667	1.74701	51.38
338	667	1.74906	63.57
339	663	1.74813	76.85
340	663	1.75019	62.45
341	665	1.74757	55.91
342	659	1.75131	55.51
343	661	1.74869	56.53
344	661	1.75075	50.23
345	657	1.74981	46.65
346	657	1.75188	46.98
347	659	1.74925	53.74
348	653	1.75301	54.31
349	655	1.75038	46.94
350	655	1.75245	58.86
351	651	1.75151	77.72
352	651	1.75358	66.16
353	653	1.75094	46.13
354	647	1.75472	52.62
355	649	1.75207	58.80
356	649	1.75415	63.87
357	645	1.75321	61.59
358	645	1.75529	49.15
359	647	1.75264	55.27
360	641	1.75643	51.29
361	643	1.75378	46.65
362	643	1.75586	49.71
363	639	1.75492	58.19
364	639	1.75700	65.96
365	641	1.75435	53.62
366	635	1.75815	52.89
367	637	1.75549	53.15
368	637	1.75758	50.06
369	633	1.75663	45.30
370	633	1.75873	49.85
371	635	1.75606	56.94
372	629	1.75988	54.59
373	631	1.75721	47.81
374	631	1.75930	49.10
375	627	1.75836	48.36
376	627	1.76046	60.10
377	629	1.75778	54.55
378	623	1.76161	48.83
379	625	1.75894	55.01
380	625	1.76104	54.66
381	621	1.76009	53.43
382	621	1.76220	49.68
383	623	1.75951	52.86
384	617	1.76336	55.75
385	619	1.76067	49.39
386	619	1.76278	43.55
387	615	1.76183	44.38
388	615	1.76394	46.23
389	617	1.76125	48.06
390	611	1.76511	47.64
391	613	1.76241	42.84
392	613	1.76453	44.78
393	609	1.76358	47.37
394	609	1.76570	87.76
395	611	1.76300	72.95
396	605	1.76687	50.58
397	607	1.76417	67.91
398	607	1.76628	64.17
399	603	1.76534	46.11
400	603	1.76746	55.08
401	605	1.76475	52.98
402	599	1.76864	47.84
403	601	1.76592	47.74
404	601	1.76805	46.81
405	597	1.76710	54.39
406	597	1.76923	51.01
407	599	1.76651	47.83
408	593	1.77042	44.71
409	595	1.76769	42.05
410	595	1.76982	41.94
411	591	1.76888	46.21
412	591	1.77101	44.72
413	593	1.76828	40.86
414	587	1.77220	57.96
415	589	1.76947	67.33
416	589	1.77160	49.21
417	585	1.77066	42.74
418	585	1.77280	42.71
419	587	1.77006	52.57
420	581	1.77399	50.20
421	583	1.77125	59.21
422	583	1.77340	44.06
423	579	1.77245	40.99
424	579	1.77459	42.18
425	581	1.77185	50.57
426	575	1.77580	49.20
427	577	1.77304	43.82
428	577	1.77519	44.46
429	573	1.77424	44.03
430	573	1.77640	46.13
431	575	1.77364	47.41
432	569	1.77760	45.25
433	571	1.77484	40.33
434	571	1.77700	41.89
435	567	1.77605	45.68
436	567	1.77821	49.86
437	569	1.77545	48.06
438	563	1.77942	46.00
439	565	1.77665	46.57
440	565	1.77882	55.19
441	561	1.77786	72.15
442	561	1.78003	62.07
443	563	1.77726	67.29
444	557	1.78125	149.25
445	559	1.77847	56.21
446	559	1.78064	48.02
447	555	1.77969	55.54
448	555	1.78186	44.09
449	557	1.77908	44.40
450	551	1.78309	53.44
451	553	1.78030	51.66
452	553	1.78247	65.18
453	549	1.78152	52.39
454	549	1.78370	49.30
455	551	1.78091	52.32
456	545	1.78493	51.01
457	547	1.78213	48.15
458	547	1.78431	52.01
459	543	1.78336	73.85
460	543	1.78555	67.81
461	545	1.78275	58.68
462	539	1.78678	81.72
463	541	1.78397	50.70
464	541	1.78616	48.37
465	537	1.78521	46.06
466	537	1.78740	49.71
467	539	1.78459	45.22
468	533	1.78864	44.51
469	535	1.78583	40.03
470	535	1.78802	46.57
471	531	1.78707	46.48
472	531	1.78927	44.04
473	533	1.78645	39.82
474	527	1.79051	40.15
475	529	1.78769	43.03
476	529	1.78989	47.94
477	525	1.78893	45.77
478	525	1.79114	42.62
479	527	1.78831	37.06
480	521	1.79239	44.00
481	523	1.78956	43.62
482	523	1.79177	44.64
483	519	1.79081	42.83
484	519	1.79302	44.15
485	521	1.79018	43.45
486	515	1.79428	49.55
487	517	1.79144	52.61
488	517	1.79365	63.41
489	513	1.79269	38.87
490	513	1.79491	44.25
491	515	1.79206	43.80
492	509	1.79618	42.15
493	511	1.79332	44.54
494	511	1.79554	52.05
495	507	1.79459	56.85
496	507	1.79681	45.00
497	509	1.79395	43.73
498	503	1.79808	38.48
499	505	1.79522	44.82
500	505	1.79745	52.02
501	501	1.79649	45.61
502	501	1.79872	39.28
503	503	1.79585	43.46
504	497	1.80000	67.60
505	499	1.79712	58.19
506	499	1.79936	46.39
507	495	1.79840	40.40
508	495	1.80064	41.58
509	497	1.79776	43.23
510	491	1.80192	45.29
511	493	1.79904	43.18
512	493	1.80128	41.18
513	489	1.80032	38.00
514	489	1.80257	40.86
515	491	1.79968	41.77
516	485	1.80386	43.71
517	487	1.80096	40.01
518	487	1.80321	38.97
519	483	1.80225	57.17
520	483	1.80451	52.21
521	485	1.80161	43.03
522	479	1.80580	38.50
523	481	1.80290	40.49
524	481	1.80515	45.75
525	477	1.80419	45.41
526	477	1.80645	46.78
527	479	1.80354	42.44
528	473	1.80775	41.35
529	475	1.80484	40.26
530	475	1.80710	43.31
531	471	1.80614	42.75
532	471	1.80841	41.29
533	473	1.80549	40.86
534	467	1.80972	41.38
535	469	1.80679	45.87
536	469	1.80906	43.27
537	465	1.80810	42.40
538	465	1.81037	41.25
539	467	1.80744	41.12
540	461	1.81169	42.69
541	463	1.80875	49.77
542	463	1.81103	43.33
543	459	1.81006	33.92
544	459	1.81235	41.50
545	461	1.80941	45.78
546	455	1.81367	42.49
547	457	1.81072	38.27
548	457	1.81301	67.02
549	453	1.81204	116.39
550	453	1.81433	44.94
551	455	1.81138	41.65
552	449	1.81566	50.68
553	451	1.81270	50.85
554	451	1.81500	44.87
555	447	1.81403	42.03
556	447	1.81633	41.16
557	449	1.81337	46.72
558	443	1.81766	45.44
559	445	1.81469	45.00
560	445	1.81699	42.08
561	441	1.81603	35.68
562	441	1.81833	44.52
563	443	1.81536	40.54
564	437	1.81967	42.78
565	439	1.81669	38.48
566	439	1.81900	43.54
567	435	1.81803	38.18
568	435	1.82034	43.35
569	437	1.81736	41.59
570	431	1.82169	37.63
571	433	1.81870	37.37
572	433	1.82102	35.72
573	429	1.82005	43.89
574	429	1.82237	42.98
575	431	1.81938	41.85
576	425	1.82372	38.88
577	427	1.82072	37.55
578	427	1.82305	40.45
579	423	1.82208	41.35
580	423	1.82440	43.04
581	425	1.82140	40.27
582	419	1.82576	36.89
583	421	1.82275	36.63
584	421	1.82508	45.37
585	417	1.82411	39.79
586	417	1.82645	38.12
587	419	1.82343	37.78
588	413	1.82781	37.88
589	415	1.82479	34.06
590	415	1.82713	39.38
591	411	1.82616	38.46
592	411	1.82850	40.17
593	413	1.82548	36.49
594	407	1.82988	37.43
595	409	1.82684	44.82
596	409	1.82919	53.97
597	405	1.82822	53.61
598	405	1.83056	45.70
599	407	1.82753	49.86
600	401	1.83195	59.18
601	403	1.82890	60.20
602	403	1.83126	48.19
603	399	1.83028	39.07
604	399	1.83264	49.53
605	401	1.82959	47.36
606	395	1.83403	40.05
607	397	1.83097	40.31
608	397	1.83333	48.79
609	393	1.83236	45.91
610	393	1.83472	42.48
611	395	1.83167	37.77
612	389	1.83612	37.90
613	391	1.83306	37.06
614	391	1.83542	42.63
615	387	1.83445	41.62
616	387	1.83682	38.47
617	389	1.83375	36.57
618	383	1.83822	47.11
619	385	1.83515	52.59
620	385	1.83752	38.75
621	381	1.83655	36.70
622	381	1.83893	33.62
623	383	1.83585	35.35
624	377	1.84034	37.12
625	379	1.83725	45.36
626	379	1.83963	36.81
627	375	1.83866	37.33
628	375	1.84104	36.48
629	377	1.83795	38.34
630	371	1.84246	40.77
631	373	1.83936	41.88
632	373	1.84175	39.94
633	369	1.84078	35.70
634	369	1.84317	34.91
635	371	1.84007	37.95
636	365	1.84459	38.97
637	367	1.84148	40.16
638	367	1.84388	39.54
639	363	1.84291	35.10
640	363	1.84531	34.60
641	365	1.84219	36.20
642	359	1.84674	36.41
643	361	1.84362	38.01
644	361	1.84602	37.47
645	357	1.84505	37.76
646	357	1.84746	38.28
647	359	1.84433	35.16
648	353	1.84890	39.25
649	355	1.84576	42.12
650	355	1.84818	51.60
651	351	1.84720	40.48
652	351	1.84962	62.81
653	353	1.84648	45.81
654	347	1.85106	44.57
655	349	1.84792	42.87
656	349	1.85034	43.87
657	345	1.84936	46.74
658	345	1.85179	66.56
659	347	1.84864	45.86
660	341	1.85324	42.22
661	343	1.85009	48.39
662	343	1.85251	84.78
663	339	1.85154	47.93
664	339	1.85397	43.64
665	341	1.85081	40.63
666	335	1.85543	40.90
667	337	1.85226	39.60
668	337	1.85470	35.86
669	333	1.85372	34.63
670	333	1.85616	35.79
671	335	1.85299	60.33
672	329	1.85763	55.20
673	331	1.85445	50.76
674	331	1.85690	33.51
675	327	1.85592	38.64
676	327	1.85837	57.98
677	329	1.85518	46.20
678	323	1.85985	38.31
679	325	1.85665	36.77
680	325	1.85911	34.34
681	321	1.85813	33.23
682	321	1.86059	39.79
683	323	1.85739	50.31
684	317	1.86207	44.39
685	319	1.85886	35.30
686	319	1.86133	36.72
687	315	1.86034	34.60
688	315	1.86281	45.99
689	317	1.85960	37.92
690	311	1.86430	39.54
691	313	1.86109	33.54
692	313	1.86356	34.08
693	309	1.86258	35.82
694	309	1.86505	39.20
695	311	1.86183	38.96
696	305	1.86655	38.69
697	307	1.86332	35.39
698	307	1.86580	33.99
699	303	1.86482	36.01
700	303	1.86730	54.77
701	305	1.86407	42.03
702	299	1.86881	34.72
703	301	1.86557	32.21
704	301	1.86806	31.47
705	297	1.86707	35.95
706	297	1.86957	36.65
707	299	1.86632	38.01
708	293	1.87108	32.67
709	295	1.86783	34.12
710	295	1.87032	33.08
711	291	1.86934	33.60
712	291	1.87184	34.25
713	293	1.86858	34.46
714	287	1.87336	33.61
715	289	1.87010	30.61
716	289	1.87260	30.84
717	285	1.87162	33.71
718	285	1.87413	40.55
719	287	1.87086	43.77
720	281	1.87566	80.37
721	283	1.87238	40.58
722	283	1.87489	51.30
723	279	1.87391	96.17
724	279	1.87642	46.14
725	281	1.87314	40.22
726	275	1.87796	42.30
727	277	1.87467	39.12
728	277	1.87719	57.25
729	273	1.87621	42.16
730	273	1.87873	32.04
731	275	1.87544	32.07
732	269	1.88028	39.17
733	271	1.87698	34.65
734	271	1.87951	63.41
735	267	1.87852	77.72
736	267	1.88106	48.32
737	269	1.87775	50.55
738	263	1.88261	41.50
739	265	1.87930	56.39
740	265	1.88183	65.90
741	261	1.88085	57.77
742	261	1.88339	45.96
743	263	1.88007	41.04
744	257	1.88496	77.80
745	259	1.88163	47.85
746	259	1.88417	34.66
747	255	1.88319	41.57
748	255	1.88574	135.51
749	257	1.88240	50.07
750	251	1.88731	99.04
751	253	1.88397	61.45
752	253	1.88652	49.40
753	249	1.88554	47.46
754	249	1.88810	51.57
755	251	1.88475	50.32
756	245	1.88968	56.25
757	247	1.88632	49.19
758	247	1.88889	106.62
759	243	1.88790	64.38
760	243	1.89047	70.78
761	245	1.88711	72.37
762	239	1.89206	178.75
763	241	1.88869	54.59
764	241	1.89127	55.95
765	237	1.89028	54.18
766	237	1.89286	47.77
767	239	1.88948	41.26
768	233	1.89445	53.56
769	235	1.89107	46.85
770	235	1.89366	32.52
771	231	1.89267	32.06
772	231	1.89526	33.61
773	233	1.89187	57.09
774	227	1.89686	52.54
775	229	1.89346	35.59
776	229	1.89606	31.90
777	225	1.89507	32.12
778	225	1.89767	59.39
779	227	1.89427	77.28
780	221	1.89928	37.95
781	223	1.89587	31.70
782	223	1.89847	29.06
783	219	1.89748	31.02
784	219	1.90009	35.18
785	221	1.89668	45.77
786	215	1.90171	52.45
787	217	1.89829	40.60
788	217	1.90090	39.35
789	213	1.89991	37.81
790	213	1.90253	50.03
791	215	1.89910	36.23
792	209	1.90416	31.06
793	211	1.90072	33.72
794	211	1.90334	40.49
795	207	1.90235	35.68
796	207	1.90498	37.16
797	209	1.90154	36.70
798	203	1.90662	30.34
799	205	1.90317	31.89
800	205	1.90580	34.22
801	201	1.90481	32.65
802	201	1.90744	34.01
803	203	1.90399	33.23
804	197	1.90909	27.59
805	199	1.90563	30.39
806	199	1.90827	29.05
807	195	1.90727	32.32
808	195	1.90992	33.59
809	197	1.90645	31.08
810	191	1.91158	30.89
811	193	1.90810	29.51
812	193	1.91075	27.24
813	189	1.90975	27.49
814	189	1.91241	29.54
815	191	1.90893	29.39
816	185	1.91408	33.66
817	187	1.91058	31.47
818	187	1.91324	31.19
819	183	1.91225	28.90
820	183	1.91491	29.94
821	185	1.91142	35.11
822	179	1.91659	30.54
823	181	1.91308	30.06
824	181	1.91575	30.43
825	177	1.91476	29.51
826	177	1.91743	30.09
827	179	1.91392	30.35
828	173	1.91912	34.24
829	175	1.91560	33.11
830	175	1.91827	31.27
831	171	1.91728	33.75
832	171	1.91996	28.41
833	173	1.91644	28.59
834	167	1.92166	29.52
835	169	1.91812	27.99
836	169	1.92081	32.75
837	165	1.91982	28.44
838	165	1.92251	31.54
839	167	1.91897	26.69
840	161	1.92421	29.22
841	163	1.92066	26.05
842	163	1.92336	26.27
843	159	1.92237	33.00
844	159	1.92507	29.97
845	161	1.92151	31.14
846	155	1.92678	29.39
847	157	1.92322	26.75
848	157	1.92593	26.37
849	153	1.92493	28.72
850	153	1.92764	33.32
851	155	1.92407	32.38
852	149	1.92937	30.00
853	151	1.92579	29.58
854	151	1.92851	26.70
855	147	1.92751	27.65
856	147	1.93023	30.05
857	149	1.92665	28.65
858	143	1.93197	30.96
859	145	1.92837	30.18
860	145	1.93110	28.23
861	141	1.93010	27.35
862	141	1.93284	29.12
863	143	1.92924	26.94
864	137	1.93458	33.70
865	139	1.93097	28.33
866	139	1.93371	31.16
867	135	1.93271	27.60
868	135	1.93545	28.55
869	137	1.93184	28.00
870	131	1.93721	27.62
871	133	1.93358	33.52
872	133	1.93633	30.14
873	129	1.93533	29.89
874	129	1.93809	28.47
875	131	1.93446	27.15
876	125	1.93985	27.34
877	127	1.93621	27.31
878	127	1.93897	30.92
879	123	1.93797	29.94
880	123	1.94073	29.84
881	125	1.93709	28.86
882	119	1.94251	27.25
883	121	1.93885	25.54
884	121	1.94162	28.83
885	117	1.94062	31.90
886	117	1.94340	27.69
887	119	1.93974	29.58
888	113	1.94518	27.51
889	115	1.94151	26.92
890	115	1.94429	24.55
891	111	1.94329	28.75
892	111	1.94607	28.51
893	113	1.94240	29.34
894	107	1.94787	29.36
895	109	1.94418	28.58
896	109	1.94697	25.85
897	105	1.94597	27.11
898	105	1.94877	25.16
899	107	1.94508	27.41
900	101	1.95057	30.49
901	103	1.94687	27.47
902	103	1.94967	31.75
903	99	1.94867	28.04
904	99	1.95147	29.12
905	101	1.94777	27.97
906	95	1.95329	27.41
907	97	1.94957	25.23
908	97	1.95238	27.74
909	93	1.95138	29.48
910	93	1.95420	27.35
911	95	1.95048	28.64
912	89	1.95602	25.88
913	91	1.95229	27.63
914	91	1.95511	24.68
915	87	1.95411	24.11
916	87	1.95694	26.58
917	89	1.95320	28.55
918	83	1.95877	28.12
919	85	1.95502	26.89
920	85	1.95785	28.87
921	81	1.95686	24.72
922	81	1.95969	25.46
923	83	1.95594	25.60
924	77	1.96154	26.09
925	79	1.95777	27.97
926	79	1.96061	29.43
927	75	1.95962	27.09
928	75	1.96246	26.48
929	77	1.95869	26.30
930	71	1.96432	26.03
931	73	1.96054	26.38
932	73	1.96339	31.91
933	69	1.96239	29.15
934	69	1.96525	28.42
935	71	1.96146	26.82
936	65	1.96712	25.92
937	67	1.96332	26.29
938	67	1.96618	25.31
939	63	1.96518	26.44
940	63	1.96805	26.06
941	65	1.96425	27.74
942	59	1.96993	27.44
943	61	1.96612	27.10
944	61	1.96899	25.01
945	57	1.96799	25.39
946	57	1.97087	24.63
947	59	1.96705	25.11
948	53	1.97276	24.11
949	55	1.96893	26.53
950	55	1.97182	27.02
951	51	1.97082	25.15
952	51	1.97371	25.70
953	53	1.96987	23.24
954	47	1.97561	22.90
955	49	1.97176	22.45
956	49	1.97466	22.79
957	45	1.97366	25.94
958	45	1.97656	28.30
959	47	1.97271	26.91
960	41	1.97847	25.27
961	43	1.97461	28.18
962	43	1.97752	24.82
963	39	1.97652	24.68
964	39	1.97943	22.39
965	41	1.97556	26.55
966	35	1.98135	25.96
967	37	1.97747	25.30
968	37	1.98039	25.51
969	33	1.97939	24.35
970	33	1.98232	22.09
971	35	1.97843	22.00
972	29	1.98425	23.45
973	31	1.98035	22.06
974	31	1.98328	24.55
975	27	1.98228	24.35
976	27	1.98522	24.47
977	29	1.98132	25.90
978	23	1.98717	27.14
979	25	1.98325	22.88
980	25	1.98619	22.17
981	21	1.98519	22.59
982	21	1.98814	23.98
983	23	1.98422	24.04
984	17	1.99010	25.06
985	19	1.98617	24.47
986	19	1.98912	25.07
987	15	1.98812	30.64
988	15	1.99108	22.04
989	17	1.98714	22.51
990	11	1.99305	21.51
991	13	1.98910	23.34
992	13	1.99206	26.69
993	9	1.99106	25.29
994	9	1.99404	25.39
995	11	1.99008	24.79
996	5	1.99602	23.67
997	7	1.99205	21.30
998	7	1.99502	25.57
999	3	1.99402	24.00
1000	3	1.99701	25.22
1001	5	1.99303	26.79
1002	3	1.98510	23.86
1003	3	1.98807	23.94
1004	3	1.99104	27.14
1005	3	1.97624	24.16
1006	3	1.97919	23.18
1007	3	1.98214	22.47
1008	3	1.96742	22.50
1009	3	1.97036	24.13
1010	3	1.97329	24.58
1011	3	1.95866	25.97
1012	3	1.96158	25.85
1013	3	1.96450	24.66
1014	3	1.94995	20.74
1015	3	1.95285	21.20
1016	3	1.95575	24.16
1017	3	1.94129	28.99
1018	3	1.94417	25.11
1019	3	1.94706	30.74
1020	3	1.93268	35.06
1021	3	1.93555	33.51
1022	3	1.93842	27.76
1023	3	1.92412	27.73
1024	3	1.92697	30.63
1025	3	1.92982	27.74
1026	3	1.91562	27.86
1027	3	1.91845	39.18
1028	3	1.92128	41.28
1029	3	1.90716	33.49
1030	3	1.90997	39.38
1031	3	1.91279	35.79
1032	3	1.89875	45.84
1033	3	1.90154	39.97
1034	3	1.90435	33.27
1035	3	1.89038	42.42
1036	3	1.89317	44.24
1037	3	1.89595	38.28
1038	3	1.88207	52.81
1039	3	1.88484	51.32
1040	3	1.88761	39.52
1041	3	1.87380	42.53
1042	3	1.87656	54.58
1043	3	1.87931	75.72
1044	3	1.86559	34.97
1045	3	1.86832	39.36
1046	3	1.87106	41.13
1047	3	1.85741	59.46
1048	3	1.86013	64.13
1049	3	1.86286	52.20
1050	3	1.84929	26.70
1051	3	1.85199	24.19
1052	3	1.85470	41.83
1053	3	1.84121	41.11
1054	3	1.84390	32.74
1055	3	1.84659	34.78
1056	3	1.83318	79.15
1057	3	1.83585	67.74
1058	3	1.83853	59.52
1059	3	1.82519	65.24
1060	3	1.82785	62.93
1061	3	1.83051	104.37
1062	3	1.81724	68.41
1063	3	1.81989	65.88
1064	3	1.82254	136.58
1065	3	1.80935	53.46
1066	3	1.81197	99.05
1067	3	1.81461	40.91
1068	3	1.80149	35.42
1069	3	1.80410	32.60
1070	3	1.80672	28.36
1071	3	1.79368	24.09
1072	3	1.79628	21.88
1073	3	1.79888	21.76
1074	3	1.78591	20.58
1075	3	1.78850	20.12
1076	3	1.79109	24.36
1077	3	1.77819	26.99
1078	3	1.78076	28.72
1079	3	1.78333	33.31
1080	3	1.77051	27.51
1081	3	1.77306	30.79
1082	3	1.77562	25.59
1083	3	1.76287	21.98
1084	3	1.76541	30.12
1085	3	1.76796	32.18
1086	3	1.75527	33.61
1087	3	1.75780	23.43
1088	3	1.76033	20.47
1089	3	1.74771	19.45
1090	3	1.75023	30.80
1091	3	1.75275	71.86
1092	3	1.74020	87.24
1093	3	1.74270	96.59
1094	3	1.74521	60.84
1095	3	1.73273	27.12
1096	3	1.73521	35.42
1097	3	1.73770	39.10
1098	3	1.72529	35.79
1099	3	1.72777	26.39
1100	3	1.73025	24.96
1101	3	1.71790	23.50
1102	3	1.72036	22.65
1103	3	1.72283	27.33
1104	3	1.71055	22.59
1105	3	1.71300	22.34
1106	3	1.71545	21.66
1107	3	1.70324	20.50
1108	3	1.70567	54.68
1109	3	1.70811	26.52
1110	3	1.69596	23.76
1111	3	1.69838	22.46
1112	3	1.70081	23.40
1113	3	1.68873	26.02
1114	3	1.69114	21.87
1115	3	1.69355	30.31
1116	3	1.68153	69.93
1117	3	1.68393	39.40
1118	3	1.68633	34.22
1119	3	1.67438	30.61
1120	3	1.67676	32.86
1121	3	1.67914	44.55
1122	3	1.66726	22.63
1123	3	1.66963	26.59
1124	3	1.67200	27.54
1125	3	1.66018	29.05
1126	3	1.66253	45.75
1127	3	1.66489	29.98
1128	3	1.65313	23.11
1129	3	1.65548	18.44
1130	3	1.65782	25.70
1131	3	1.64613	20.36
1132	3	1.64846	25.63
1133	3	1.65079	24.16
1134	3	1.63916	21.36
1135	3	1.64148	35.29
1136	3	1.64380	19.41
1137	3	1.63222	26.31
1138	3	1.63453	24.61
1139	3	1.63684	24.67
1140	3	1.62533	20.72
1141	3	1.62762	22.66
1142	3	1.62992	23.38
1143	3	1.61847	19.56
1144	3	1.62075	20.25
1145	3	1.62304	18.96
1146	3	1.61164	19.00
1147	3	1.61391	24.10
1148	3	1.61619	35.86
1149	3	1.60485	38.26
1150	3	1.60711	39.99
1151	3	1.60938	36.75
1152	3	1.59810	25.58
1153	3	1.60035	43.62
1154	3	1.60260	33.19
1155	3	1.59138	34.98
1156	3	1.59362	31.82
1157	3	1.59585	26.10
1158	3	1.58469	27.38
1159	3	1.58692	41.01
1160	3	1.58915	37.85
1161	3	1.57804	23.50
1162	3	1.58026	22.22
1163	3	1.58247	21.46
1164	3	1.57143	22.28
1165	3	1.57363	19.01
1166	3	1.57584	35.08
1167	3	1.56485	23.76
1168	3	1.56704	42.38
1169	3	1.56923	34.21
1170	3	1.55830	25.97
1171	3	1.56048	27.32
1172	3	1.56266	22.90
1173	3	1.55178	18.92
1174	3	1.55395	30.72
1175	3	1.55612	37.30
1176	3	1.54530	42.77
1177	3	1.54746	40.17
1178	3	1.54962	52.39
1179	3	1.53885	28.71
1180	3	1.54100	38.69
1181	3	1.54315	36.02
1182	3	1.53243	38.92
1183	3	1.53457	66.95
1184	3	1.53671	87.19
1185	3	1.52605	76.91
1186	3	1.52817	49.91
1187	3	1.53030	31.63
1188	3	1.51970	35.50
1189	3	1.52181	64.72
1190	3	1.52393	35.95
1191	3	1.51338	53.00
1192	3	1.51548	48.92
1193	3	1.51759	45.29
1194	3	1.50709	34.93
1195	3	1.50918	36.81
1196	3	1.51128	34.76
1197	3	1.50083	24.02
1198	3	1.50291	27.81
1199	3	1.50500	73.65
1200	3	1.49461	59.60
1201	3	1.49668	31.63
1202	3	1.49875	28.82
1203	3	1.48841	34.32
1204	3	1.49047	32.13
1205	3	1.49254	31.46
1206	3	1.48225	40.27
1207	3	1.48430	27.35
1208	3	1.48635	26.43
1209	3	1.47611	21.20
1210	3	1.47815	18.38
1211	3	1.48020	25.65
1212	3	1.47001	26.76
1213	3	1.47204	27.13
1214	3	1.47407	26.88
1215	3	1.46393	20.81
1216	3	1.46596	19.02
1217	3	1.46798	20.38
1218	3	1.45789	21.64
1219	3	1.45990	19.02
1220	3	1.46192	21.56
1221	3	1.45188	19.79
1222	3	1.45388	24.09
1223	3	1.45588	18.82
1224	3	1.44589	23.49
1225	3	1.44788	16.27
1226	3	1.44988	15.97
1227	3	1.43994	15.96
1228	3	1.44192	16.00
1229	3	1.44390	15.31
1230	3	1.43401	15.80
1231	3	1.43598	18.60
1232	3	1.43796	18.05
1233	3	1.42811	17.67
1234	3	1.43007	17.81
1235	3	1.43204	18.22
1236	3	1.42224	17.87
1237	3	1.42419	15.48
1238	3	1.42615	16.24
1239	3	1.41640	20.13
1240	3	1.41834	21.35
1241	3	1.42029	21.42
1242	3	1.41059	22.44
1243	3	1.41252	19.80
1244	3	1.41446	19.16
1245	3	1.40480	20.45
1246	3	1.40673	18.01
1247	3	1.40865	16.99
1248	3	1.39904	16.92
1249	3	1.40096	16.96
1250	3	1.40288	18.47
1251	3	1.39331	15.46
1252	3	1.39522	16.44
1253	3	1.39713	18.20
1254	3	1.38761	19.79
1255	3	1.38951	20.95
1256	3	1.39141	19.47
1257	3	1.38193	19.45
1258	3	1.38382	17.03
1259	3	1.38571	18.07
1260	3	1.37628	15.35
1261	3	1.37816	17.93
1262	3	1.38005	22.57
1263	3	1.37066	18.38
1264	3	1.37253	20.27
1265	3	1.37441	19.71
1266	3	1.36507	21.61
1267	3	1.36693	23.51
1268	3	1.36879	29.24
1269	3	1.35950	30.99
1270	3	1.36135	19.18
1271	3	1.36321	19.25
1272	3	1.35395	16.31
1273	3	1.35580	19.71
1274	3	1.35765	17.34
1275	3	1.34844	20.40
1276	3	1.35027	19.89
1277	3	1.35211	18.95
1278	3	1.34295	19.20
1279	3	1.34477	16.74
1280	3	1.34660	22.26
1281	3	1.33748	15.53
1282	3	1.33930	16.00
1283	3	1.34112	16.52
1284	3	1.33204	22.60
1285	3	1.33385	17.88
1286	3	1.33566	21.65
1287	3	1.32663	22.30
1288	3	1.32843	19.13
1289	3	1.33023	16.45
1290	3	1.32124	15.06
1291	3	1.32303	15.95
1292	3	1.32483	14.61
1293	3	1.31587	16.14
1294	3	1.31766	14.19
1295	3	1.31944	16.71
1296	3	1.31053	16.57
1297	3	1.31231	15.05
1298	3	1.31409	18.57
1299	3	1.30521	15.29
1300	3	1.30698	17.60
1301	3	1.30876	15.39
1302	3	1.29992	14.25
1303	3	1.30168	15.93
1304	3	1.30345	16.35
1305	3	1.29466	15.70
1306	3	1.29641	15.31
1307	3	1.29817	15.41
1308	3	1.28941	16.36
1309	3	1.29116	19.47
1310	3	1.29291	16.07
1311	3	1.28419	17.36
1312	3	1.28593	16.57
1313	3	1.28767	17.25
1314	3	1.27900	16.15
1315	3	1.28073	14.65
1316	3	1.28246	16.13
1317	3	1.27383	15.28
1318	3	1.27555	13.49
1319	3	1.27727	14.58
1320	3	1.26868	13.13
1321	3	1.27039	14.64
1322	3	1.27211	16.97
1323	3	1.26355	15.62
1324	3	1.26526	14.53
1325	3	1.26697	17.28
1326	3	1.25845	17.48
1327	3	1.26015	15.51
1328	3	1.26185	15.84
1329	3	1.25337	14.29
1330	3	1.25506	14.81
1331	3	1.25676	15.90
1332	3	1.24832	15.69
1333	3	1.25000	14.81
1334	3	1.25169	17.31
1335	3	1.24328	19.59
1336	3	1.24496	15.98
1337	3	1.24664	21.82
1338	3	1.23827	22.64
1339	3	1.23994	18.75
1340	3	1.24161	16.00
1341	3	1.23328	16.35
1342	3	1.23494	18.10
1343	3	1.23661	26.27
1344	3	1.22832	17.92
1345	3	1.22997	18.95
1346	3	1.23163	18.86
1347	3	1.22337	16.80
1348	3	1.22502	15.15
1349	3	1.22667	16.63
1350	3	1.21845	14.54
1351	3	1.22009	14.76
1352	3	1.22173	15.06
1353	3	1.21355	16.07
1354	3	1.21518	15.67
1355	3	1.21681	14.62
1356	3	1.20867	14.04
1357	3	1.21029	14.35
1358	3	1.21192	13.56
1359	3	1.20381	15.54
1360	3	1.20543	16.02
1361	3	1.20705	14.58
1362	3	1.19898	15.75
1363	3	1.20059	15.41
1364	3	1.20220	15.33
1365	3	1.19416	14.37
1366	3	1.19576	15.90
1367	3	1.19737	13.96
1368	3	1.18937	15.76
1369	3	1.19096	15.62
1370	3	1.19256	14.68
1371	3	1.18459	18.37
1372	3	1.18618	36.88
1373	3	1.18777	29.74
1374	3	1.17984	30.53
1375	3	1.18142	27.74
1376	3	1.18301	24.86
1377	3	1.17511	24.72
1378	3	1.17668	25.00
1379	3	1.17826	22.12
1380	3	1.17040	20.28
1381	3	1.17197	18.26
1382	3	1.17354	18.08
1383	3	1.16571	15.54
1384	3	1.16727	18.36
1385	3	1.16883	25.75
1386	3	1.16104	18.98
1387	3	1.16259	21.38
1388	3	1.16415	15.38
1389	3	1.15638	15.25
1390	3	1.15793	15.56
1391	3	1.15948	19.15
1392	3	1.15175	18.01
1393	3	1.15330	14.09
1394	3	1.15484	18.04
1395	3	1.14714	14.03
1396	3	1.14868	15.78
1397	3	1.15021	19.50
1398	3	1.14255	17.74
1399	3	1.14408	17.65
1400	3	1.14561	16.94
1401	3	1.13798	16.02
1402	3	1.13950	14.87
1403	3	1.14103	13.87
1404	3	1.13343	16.84
1405	3	1.13494	15.24
1406	3	1.13646	15.27
1407	3	1.12890	13.22
1408	3	1.13040	12.55
1409	3	1.13191	14.89
1410	3	1.12438	13.64
1411	3	1.12588	12.56
1412	3	1.12739	12.66
1413	3	1.11989	12.23
1414	3	1.12138	12.75
1415	3	1.12288	13.28
1416	3	1.11541	13.45
1417	3	1.11690	15.85
1418	3	1.11839	16.09
1419	3	1.11096	15.06
1420	3	1.11244	19.45
1421	3	1.11392	25.95
1422	3	1.10652	24.33
1423	3	1.10799	23.27
1424	3	1.10947	16.09
1425	3	1.10210	15.15
1426	3	1.10357	13.14
1427	3	1.10504	14.55
1428	3	1.09770	14.60
1429	3	1.09916	14.44
1430	3	1.10063	13.62
1431	3	1.09331	26.39
1432	3	1.09477	23.74
1433	3	1.09623	25.76
1434	3	1.08895	24.43
1435	3	1.09040	21.29
1436	3	1.09186	21.08
1437	3	1.08460	19.64
1438	3	1.08605	16.87
1439	3	1.08750	17.19
1440	3	1.08028	24.71
1441	3	1.08172	23.04
1442	3	1.08316	16.22
1443	3	1.07597	17.54
1444	3	1.07740	18.52
1445	3	1.07884	13.49
1446	3	1.07167	14.28
1447	3	1.07310	13.51
1448	3	1.07453	15.11
1449	3	1.06740	19.45
1450	3	1.06882	16.45
1451	3	1.07025	24.56
1452	3	1.06314	19.11
1453	3	1.06456	24.81
1454	3	1.06598	17.60
1455	3	1.05890	15.01
1456	3	1.06032	14.71
1457	3	1.06173	11.87
1458	3	1.05468	13.62
1459	3	1.05609	13.35
1460	3	1.05749	13.74
1461	3	1.05048	13.74
1462	3	1.05188	12.79
1463	3	1.05328	11.68
1464	3	1.04629	11.42
1465	3	1.04768	11.02
1466	3	1.04908	12.25
1467	3	1.04212	11.02
1468	3	1.04351	11.16
1469	3	1.04490	11.16
1470	3	1.03797	11.23
1471	3	1.03935	11.04
1472	3	1.04073	11.24
1473	3	1.03383	12.98
1474	3	1.03521	12.85
1475	3	1.03659	11.33
1476	3	1.02971	10.86
1477	3	1.03108	11.09
1478	3	1.03245	11.09
1479	3	1.02561	11.24
1480	3	1.02697	11.76
1481	3	1.02834	11.34
1482	3	1.02152	11.43
1483	3	1.02288	11.84
1484	3	1.02424	11.67
1485	3	1.01745	11.02
1486	3	1.01880	11.22
1487	3	1.02016	13.15
1488	3	1.01340	11.03
1489	3	1.01475	10.97
1490	3	1.01610	11.31
1491	3	1.00936	13.78
1492	3	1.01070	11.39
1493	3	1.01205	10.98
1494	3	1.00534	10.94
1495	3	1.00668	11.48
1496	3	1.00802	12.56
1497	3	1.00133	11.31
1498	3	1.00266	11.70
1499	3	1.00400	14.33
1500	3	1.00000	11.83
1501	3	1.00000	11.54
1502	3	1.00000	11.28
1503	3	1.00000	12.80
1504	3	1.00133	13.08
1505	3	1.00133	12.81
1506	3	1.00000	12.10
1507	3	1.00133	13.37
1508	3	1.00133	11.65
1509	3	1.00000	13.52
1510	3	1.00133	12.25
1511	3	1.00133	19.06
1512	3	1.00000	20.81
1513	3	1.00133	13.64
1514	3	1.00133	14.24
1515	3	1.00000	16.48
1516	3	1.00133	16.12
1517	3	1.00133	16.91
1518	3	1.00000	18.24
1519	3	1.00133	17.33
1520	3	1.00133	11.48
1521	3	1.00000	11.89
1522	3	1.00133	13.20
1523	3	1.00133	14.67
1524	3	1.00000	14.81
1525	3	1.00133	14.82
1526	3	1.00133	19.22
1527	3	1.00000	16.53
1528	3	1.00133	13.43
1529	3	1.00133	11.13
1530	3	1.00000	13.60
1531	3	1.00133	14.97
1532	3	1.00133	15.52
1533	3	1.00000	16.58
1534	3	1.00133	11.79
1535	3	1.00133	10.91
1536	3	1.00000	13.39
1537	3	1.00133	12.05
1538	3	1.00133	11.48
1539	3	1.00000	11.71
1540	3	1.00133	11.67
1541	3	1.00133	10.77
1542	3	1.00000	11.00
1543	3	1.00133	10.25
1544	3	1.00133	10.29
1545	3	1.00000	11.01
1546	3	1.00133	10.97
1547	3	1.00133	12.47
1548	3	1.00000	20.08
1549	3	1.00133	12.56
1550	3	1.00133	10.94
1551	3	1.00000	11.12
1552	3	1.00133	12.07
1553	3	1.00133	15.13
1554	3	1.00000	11.61
1555	3	1.00133	12.13
1556	3	1.00133	10.66
1557	3	1.00000	11.23
1558	3	1.00133	10.59
1559	3	1.00133	13.11
1560	3	1.00000	10.97
1561	3	1.00133	13.23
1562	3	1.00133	13.02
1563	3	1.00000	11.72
1564	3	1.00133	10.48
1565	3	1.00133	13.09
1566	3	1.00000	10.59
1567	3	1.00133	11.41
1568	3	1.00133	10.28
1569	3	1.00000	10.64
1570	3	1.00133	11.66
1571	3	1.00133	11.05
1572	3	1.00000	11.15
1573	3	1.00133	11.31
1574	3	1.00133	11.42
1575	3	1.00000	15.25
1576	3	1.00133	12.99
1577	3	1.00133	12.04
1578	3	1.00000	12.04
1579	3	1.00133	19.02
1580	3	1.00133	13.06
1581	3	1.00000	12.60
1582	3	1.00133	10.74
1583	3	1.00133	12.74
1584	3	1.00000	13.19
1585	3	1.00133	16.27
1586	3	1.00133	13.91
1587	3	1.00000	11.19
1588	3	1.00133	10.76
1589	3	1.00133	10.92
1590	3	1.00000	10.96
1591	3	1.00133	10.55
1592	3	1.00133	11.60
1593	3	1.00000	10.43
1594	3	1.00133	10.36
1595	3	1.00133	10.77
1596	3	1.00000	12.82
1597	3	1.00133	10.75
1598	3	1.00133	10.85
1599	3	1.00000	13.15
1600	3	1.00133	10.77
1601	3	1.00133	10.08
1602	3	1.00000	10.15
1603	3	1.00133	10.92
1604	3	1.00133	10.37
1605	3	1.00000	11.29
1606	3	1.00133	10.41
1607	3	1.00133	10.86
1608	3	1.00000	11.33
1609	3	1.00133	12.06
1610	3	1.00133	12.00
1611	3	1.00000	14.08
1612	3	1.00133	11.74
1613	3	1.00133	10.86
1614	3	1.00000	10.95
1615	3	1.00133	11.38
1616	3	1.00133	10.42
1617	3	1.00000	10.91
1618	3	1.00133	9.79
1619	3	1.00133	9.74
1620	3	1.00000	9.65
1621	3	1.00133	9.75
1622	3	1.00133	9.98
1623	3	1.00000	13.14
1624	3	1.00133	15.04
1625	3	1.00133	11.03
1626	3	1.00000	9.65
1627	3	1.00133	11.02
1628	3	1.00133	12.39
1629	3	1.00000	11.42
1630	3	1.00133	12.57
1631	3	1.00133	11.54
1632	3	1.00000	11.50
1633	3	1.00133	11.26
1634	3	1.00133	12.45
1635	3	1.00000	11.42
1636	3	1.00133	10.38
1637	3	1.00133	9.96
1638	3	1.00000	10.72
1639	3	1.00133	12.06
1640	3	1.00133	10.76
1641	3	1.00000	12.95
1642	3	1.00133	12.79
1643	3	1.00133	13.11
1644	3	1.00000	13.59
1645	3	1.00133	11.26
1646	3	1.00133	11.92
1647	3	1.00000	10.59
1648	3	1.00133	15.14
1649	3	1.00133	12.63
1650	3	1.00000	16.39
1651	3	1.00133	23.64
1652	3	1.00133	13.70
1653	3	1.00000	11.19
1654	3	1.00133	14.70
1655	3	1.00133	14.81
1656	3	1.00000	15.57
1657	3	1.00133	11.02
1658	3	1.00133	12.85
1659	3	1.00000	11.74
1660	3	1.00133	11.23
1661	3	1.00133	11.11
1662	3	1.00000	13.44
1663	3	1.00133	10.41
1664	3	1.00133	10.44
1665	3	1.00000	18.30
1666	3	1.00133	10.57
1667	3	1.00133	10.77
1668	3	1.00000	11.50
1669	3	1.00133	16.33
1670	3	1.00133	12.63
1671	3	1.00000	12.15
1672	3	1.00133	15.69
1673	3	1.00133	12.64
1674	3	1.00000	12.89
1675	3	1.00133	10.68
1676	3	1.00133	12.35
1677	3	1.00000	13.28
1678	3	1.00133	9.99
1679	3	1.00133	9.57
1680	3	1.00000	14.10
1681	3	1.00133	11.75
1682	3	1.00133	10.18
1683	3	1.00000	10.15
1684	3	1.00133	10.20
1685	3	1.00133	12.32
1686	3	1.00000	11.54
1687	3	1.00133	10.91
1688	3	1.00133	10.87
1689	3	1.00000	16.47
1690	3	1.00133	12.90
1691	3	1.00133	10.78
1692	3	1.00000	12.34
1693	3	1.00133	14.18
1694	3	1.00133	11.57
1695	3	1.00000	10.68
1696	3	1.00133	11.93
1697	3	1.00133	14.07
1698	3	1.00000	15.26
1699	3	1.00133	18.30
1700	3	1.00133	18.11
1701	3	1.00000	16.00
1702	3	1.00133	23.51
1703	3	1.00133	16.53
1704	3	1.00000	11.38
1705	3	1.00133	11.27
1706	3	1.00133	12.59
1707	3	1.00000	10.83
1708	3	1.00133	11.72
1709	3	1.00133	10.83
1710	3	1.00000	11.05
1711	3	1.00133	9.73
1712	3	1.00133	10.69
1713	3	1.00000	12.16
1714	3	1.00133	10.28
1715	3	1.00133	12.54
1716	3	1.00000	11.24
1717	3	1.00133	10.47
1718	3	1.00133	10.45
1719	3	1.00000	11.14
1720	3	1.00133	10.76
1721	3	1.00133	11.88
1722	3	1.00000	12.09
1723	3	1.00133	12.16
1724	3	1.00133	11.12
1725	3	1.00000	10.01
1726	3	1.00133	10.74
1727	3	1.00133	11.82
1728	3	1.00000	9.63
1729	3	1.00133	10.29
1730	3	1.00133	10.27
1731	3	1.00000	10.09
1732	3	1.00133	11.75
1733	3	1.00133	12.29
1734	3	1.00000	12.56
1735	3	1.00133	10.71
1736	3	1.00133	10.40
1737	3	1.00000	12.02
1738	3	1.00133	13.61
1739	3	1.00133	13.36
1740	3	1.00000	12.39
1741	3	1.00133	16.44
1742	3	1.00133	14.23
1743	3	1.00000	11.72
1744	3	1.00133	12.91
1745	3	1.00133	17.90
1746	3	1.00000	15.58
1747	3	1.00133	12.36
1748	3	1.00133	20.91
1749	3	1.00000	20.03
1750	3	1.00133	20.10
1751	3	1.00133	16.25
1752	3	1.00000	13.55
1753	3	1.00133	14.94
1754	3	1.00133	15.38
1755	3	1.00000	15.71
1756	3	1.00133	15.82
1757	3	1.00133	17.53
1758	3	1.00000	14.51
1759	3	1.00133	14.43
1760	3	1.00133	21.52
1761	3	1.00000	20.39
1762	3	1.00133	18.56
1763	3	1.00133	25.78
1764	3	1.00000	27.29
1765	3	1.00133	25.79
1766	3	1.00133	26.86
1767	3	1.00000	16.08
1768	3	1.00133	18.28
1769	3	1.00133	15.77
1770	3	1.00000	23.61
1771	3	1.00133	22.56
1772	3	1.00133	24.53
1773	3	1.00000	23.92
1774	3	1.00133	11.39
1775	3	1.00133	12.33
1776	3	1.00000	13.76
1777	3	1.00133	9.92
1778	3	1.00133	10.06
1779	3	1.00000	11.50
1780	3	1.00133	11.21
1781	3	1.00133	13.02
1782	3	1.00000	13.91
1783	3	1.00133	11.34
1784	3	1.00133	10.27
1785	3	1.00000	13.19
1786	3	1.00133	10.10
1787	3	1.00133	10.59
1788	3	1.00000	10.43
1789	3	1.00133	10.89
1790	3	1.00133	10.44
1791	3	1.00000	10.52
1792	3	1.00133	10.34
1793	3	1.00133	10.51
1794	3	1.00000	10.62
1795	3	1.00133	11.40
1796	3	1.00133	10.59
1797	3	1.00000	9.44
1798	3	1.00133	11.06
1799	3	1.00133	10.43
1800	3	1.00000	11.19
1801	3	1.00133	10.79
1802	3	1.00133	12.18
1803	3	1.00000	11.29
1804	3	1.00133	9.82
1805	3	1.00133	10.84
1806	3	1.00000	9.98
1807	3	1.00133	12.40
1808	3	1.00133	10.61
1809	3	1.00000	11.73
1810	3	1.00133	9.94
1811	3	1.00133	10.06
1812	3	1.00000	11.10
1813	3	1.00133	10.40
1814	3	1.00133	9.86
1815	3	1.00000	10.49
1816	3	1.00133	9.70
1817	3	1.00133	9.59
1818	3	1.00000	10.69
1819	3	1.00133	12.31
1820	3	1.00133	10.31
1821	3	1.00000	10.94
1822	3	1.00133	10.15
1823	3	1.00133	9.84
1824	3	1.00000	9.96
1825	3	1.00133	8.92
1826	3	1.00133	10.60
1827	3	1.00000	10.78
1828	3	1.00133	9.52
1829	3	1.00133	10.24
1830	3	1.00000	13.24
1831	3	1.00133	10.38
1832	3	1.00133	15.15
1833	3	1.00000	15.18
1834	3	1.00133	15.32
1835	3	1.00133	14.59
1836	3	1.00000	13.61
1837	3	1.00133	14.60
1838	3	1.00133	14.10
1839	3	1.00000	12.35
1840	3	1.00133	13.99
1841	3	1.00133	14.61
1842	3	1.00000	15.90
1843	3	1.00133	15.70
1844	3	1.00133	13.93
1845	3	1.00000	9.87
1846	3	1.00133	10.06
1847	3	1.00133	9.05
1848	3	1.00000	10.75
1849	3	1.00133	13.18
1850	3	1.00133	10.63
1851	3	1.00000	10.37
1852	3	1.00133	10.61
1853	3	1.00133	13.83
1854	3	1.00000	13.40
1855	3	1.00133	13.16
1856	3	1.00133	15.55
1857	3	1.00000	12.70
1858	3	1.00133	14.95
1859	3	1.00133	14.00
1860	3	1.00000	13.81
1861	3	1.00133	13.12
1862	3	1.00133	10.37
1863	3	1.00000	14.79
1864	3	1.00133	13.47
1865	3	1.00133	13.20
1866	3	1.00000	14.40
1867	3	1.00133	12.39
1868	3	1.00133	18.92
1869	3	1.00000	14.44
1870	3	1.00133	13.38
1871	3	1.00133	11.59
1872	3	1.00000	16.73
1873	3	1.00133	13.83
1874	3	1.00133	14.32
1875	3	1.00000	16.01
1876	3	1.00133	15.13
1877	3	1.00133	15.00
1878	3	1.00000	15.77
1879	3	1.00133	13.94
1880	3	1.00133	13.20
1881	3	1.00000	16.56
1882	3	1.00133	16.17
1883	3	1.00133	13.66
1884	3	1.00000	17.02
1885	3	1.00133	17.36
1886	3	1.00133	14.94
1887	3	1.00000	19.24
1888	3	1.00133	16.15
1889	3	1.00133	13.47
1890	3	1.00000	20.07
1891	3	1.00133	16.69
1892	3	1.00133	12.60
1893	3	1.00000	12.61
1894	3	1.00133	16.41
1895	3	1.00133	9.91
1896	3	1.00000	9.36
1897	3	1.00133	11.77
1898	3	1.00133	17.66
1899	3	1.00000	9.37
1900	3	1.00133	9.13
1901	3	1.00133	11.26
1902	3	1.00000	18.24
1903	3	1.00133	9.44
1904	3	1.00133	9.29
1905	3	1.00000	9.45
1906	3	1.00133	18.11
1907	3	1.00133	9.34
1908	3	1.00000	9.76
1909	3	1.00133	10.52
1910	3	1.00133	19.47
1911	3	1.00000	13.67
1912	3	1.00133	12.06
1913	3	1.00133	14.57
1914	3	1.00000	17.56
1915	3	1.00133	11.93
1916	3	1.00133	14.13
1917	3	1.00000	18.13
1918	3	1.00133	9.67
1919	3	1.00133	11.98
1920	3	1.00000	12.56
1921	3	1.00133	19.60
1922	3	1.00133	19.25
1923	3	1.00000	18.04
1924	3	1.00133	15.87
1925	3	1.00133	13.03
1926	3	1.00000	13.87
1927	3	1.00133	15.46
1928	3	1.00133	10.52
1929	3	1.00000	9.30
1930	3	1.00133	16.84
1931	3	1.00133	15.72
1932	3	1.00000	14.36
1933	3	1.00133	18.09
1934	3	1.00133	15.86
1935	3	1.00000	13.43
1936	3	1.00133	14.28
1937	3	1.00133	16.85
1938	3	1.00000	9.21
1939	3	1.00133	9.04
1940	3	1.00133	11.96
1941	3	1.00000	21.05
1942	3	1.00133	13.05
1943	3	1.00133	17.89
1944	3	1.00000	17.67
1945	3	1.00133	12.23
1946	3	1.00133	13.09
1947	3	1.00000	20.84
1948	3	1.00133	11.53
1949	3	1.00133	10.30
1950	3	1.00000	13.76
1951	3	1.00133	17.23
1952	3	1.00133	10.20
1953	3	1.00000	11.56
1954	3	1.00133	15.25
1955	3	1.00133	13.92
1956	3	1.00000	11.55
1957	3	1.00133	10.12
1958	3	1.00133	18.66
1959	3	1.00000	12.19
1960	3	1.00133	11.55
1961	3	1.00133	12.54
1962	3	1.00000	19.60
1963	3	1.00133	16.36
1964	3	1.00133	17.39
1965	3	1.00000	16.30
1966	3	1.00133	12.57
1967	3	1.00133	12.12
1968	3	1.00000	20.61
1969	3	1.00133	12.21
1970	3	1.00133	12.47
1971	3	1.00000	17.33
1972	3	1.00133	12.79
1973	3	1.00133	12.56
1974	3	1.00000	15.52
1975	3	1.00133	18.41
1976	3	1.00133	12.73
1977	3	1.00000	11.74
1978	3	1.00133	19.37
1979	3	1.00133	12.63
1980	3	1.00000	12.18
1981	3	1.00133	17.77
1982	3	1.00133	14.89
1983	3	1.00000	11.44
1984	3	1.00133	12.00
1985	3	1.00133	18.98
1986	3	1.00000	11.45
1987	3	1.00133	12.57
1988	3	1.00133	18.14
1989	3	1.00000	14.62
1990	3	1.00133	10.25
1991	3	1.00133	10.20
1992	3	1.00000	18.21
1993	3	1.00133	9.45
1994	3	1.00133	10.03
1995	3	1.00000	14.58
1996	3	1.00133	19.10
1997	3	1.00133	14.32
1998	3	1.00000	13.33
1999	3	1.00133	20.97
2000	3	1.00133	12.61
2001	3	1.00000	13.03
2002	3	1.00133	20.03
2003	3	1.00133	11.08
2004	3	1.00000	11.78
2005	3	1.00133	14.98
2006	3	1.00133	17.17
2007	3	1.00000	11.77
2008	3	1.00133	9.99
2009	3	1.00133	16.69
2010	3	1.00000	16.64
2011	3	1.00133	13.10
2012	3	1.00133	13.74
2013	3	1.00000	15.10
2014	3	1.00133	10.41
2015	3	1.00133	9.34
2016	3	1.00000	10.65
2017	3	1.00133	9.49
2018	3	1.00133	12.27
2019	3	1.00000	9.83
2020	3	1.00133	9.41
2021	3	1.00133	12.24
2022	3	1.00000	11.10
2023	3	1.00133	10.75
2024	3	1.00133	10.37
2025	3	1.00000	12.72
2026	3	1.00133	9.57
2027	3	1.00133	10.05
2028	3	1.00000	9.70
2029	3	1.00133	10.15
2030	3	1.00133	9.80
2031	3	1.00000	10.77
2032	3	1.00133	9.76
2033	3	1.00133	9.72
2034	3	1.00000	9.72
2035	3	1.00133	9.49
2036	3	1.00133	9.48
2037	3	1.00000	9.82
2038	3	1.00133	10.57
2039	3	1.00133	10.68
2040	3	1.00000	9.49
2041	3	1.00133	9.77
2042	3	1.00133	9.64
2043	3	1.00000	9.91
2044	3	1.00133	10.06
2045	3	1.00133	9.65
2046	3	1.00000	9.63
2047	3	1.00133	9.54
2048	3	1.00133	9.62
2049	3	1.00000	10.36
2050	3	1.00133	9.48
2051	3	1.00133	9.70
2052	3	1.00000	9.57
2053	3	1.00133	9.57
2054	3	1.00133	9.84
2055	3	1.00000	9.81
2056	3	1.00133	9.75
2057	3	1.00133	11.66
2058	3	1.00000	13.88
2059	3	1.00133	12.45
2060	3	1.00133	12.82
2061	3	1.00000	13.17
2062	3	1.00133	12.97
2063	3	1.00133	14.47
2064	3	1.00000	21.96
2065	3	1.00133	14.97
2066	3	1.00133	15.60
2067	3	1.00000	16.11
2068	3	1.00133	19.16
2069	3	1.00133	25.66
2070	3	1.00000	17.91
2071	3	1.00133	21.28
2072	3	1.00133	20.86
2073	3	1.00000	21.23
2074	3	1.00133	15.53
2075	3	1.00133	16.94
2076	3	1.00000	23.48
2077	3	1.00133	33.57
2078	3	1.00133	22.54
2079	3	1.00000	20.28
2080	3	1.00133	15.41
2081	3	1.00133	20.13
2082	3	1.00000	19.68
2083	3	1.00133	19.78
2084	3	1.00133	20.36
2085	3	1.00000	21.04
2086	3	1.00133	19.01
2087	3	1.00133	25.04
2088	3	1.00000	29.92
2089	3	1.00133	27.13
2090	3	1.00133	17.85
2091	3	1.00000	13.98
2092	3	1.00133	19.13
2093	3	1.00133	52.84
2094	3	1.00000	27.89
2095	3	1.00133	22.55
2096	3	1.00133	23.22
2097	3	1.00000	25.89
2098	3	1.00133	57.29
2099	3	1.00133	22.21
2100	3	1.00000	23.96
2101	3	1.00133	22.81
2102	3	1.00133	24.06
2103	3	1.00000	21.09
2104	3	1.00133	19.84
2105	3	1.00133	15.43
2106	3	1.00000	16.82
2107	3	1.00133	25.00
2108	3	1.00133	18.95
2109	3	1.00000	23.93
2110	3	1.00133	24.02
2111	3	1.00133	24.40
2112	3	1.00000	24.41
2113	3	1.00133	24.50
2114	3	1.00133	25.36
2115	3	1.00000	20.10
2116	3	1.00133	20.56
2117	3	1.00133	24.68
2118	3	1.00000	29.81
2119	3	1.00133	16.71
2120	3	1.00133	21.79
2121	3	1.00000	23.44
2122	3	1.00133	24.44
2123	3	1.00133	17.73
2124	3	1.00000	20.84
2125	3	1.00133	18.00
2126	3	1.00133	14.24
2127	3	1.00000	16.83
2128	3	1.00133	16.92
2129	3	1.00133	13.69
2130	3	1.00000	16.45
2131	3	1.00133	18.05
2132	3	1.00133	15.00
2133	3	1.00000	16.55
2134	3	1.00133	18.16
2135	3	1.00133	15.16
2136	3	1.00000	15.52
2137	3	1.00133	17.04
2138	3	1.00133	16.12
2139	3	1.00000	19.29
2140	3	1.00133	21.45
2141	3	1.00133	17.55
2142	3	1.00000	30.95
2143	3	1.00133	26.66
2144	3	1.00133	25.89
2145	3	1.00000	35.89
2146	3	1.00133	17.96
2147	3	1.00133	21.07
2148	3	1.00000	16.82
2149	3	1.00133	15.60
2150	3	1.00133	14.07
2151	3	1.00000	15.49
2152	3	1.00133	11.18
2153	3	1.00133	10.48
2154	3	1.00000	14.62
2155	3	1.00133	14.06
2156	3	1.00133	12.88
2157	3	1.00000	15.77
2158	3	1.00133	20.38
2159	3	1.00133	14.79
2160	3	1.00000	15.02
2161	3	1.00133	14.79
2162	3	1.00133	11.19
2163	3	1.00000	10.65
2164	3	1.00133	16.36
2165	3	1.00133	13.11
2166	3	1.00000	11.02
2167	3	1.00133	10.11
2168	3	1.00133	11.65
2169	3	1.00000	13.41
2170	3	1.00133	10.66
2171	3	1.00133	10.20
2172	3	1.00000	10.25
2173	3	1.00133	15.77
2174	3	1.00133	13.35
2175	3	1.00000	11.87
2176	3	1.00133	14.01
2177	3	1.00133	13.85
2178	3	1.00000	17.09
2179	3	1.00133	11.79
2180	3	1.00133	20.00
2181	3	1.00000	15.39
2182	3	1.00133	13.40
2183	3	1.00133	18.38
2184	3	1.00000	15.36
2185	3	1.00133	16.42
2186	3	1.00133	20.14
2187	3	1.00000	14.16
2188	3	1.00133	13.23
2189	3	1.00133	21.05
2190	3	1.00000	15.27
2191	3	1.00133	15.10
2192	3	1.00133	19.62
2193	3	1.00000	16.42
2194	3	1.00133	15.23
2195	3	1.00133	16.25
2196	3	1.00000	16.67
2197	3	1.00133	10.89
2198	3	1.00133	14.81
2199	3	1.00000	13.00
2200	3	1.00133	11.31
2201	3	1.00133	11.48
2202	3	1.00000	13.97
2203	3	1.00133	12.64
2204	3	1.00133	12.37
2205	3	1.00000	13.66
2206	3	1.00133	16.86
2207	3	1.00133	20.76
2208	3	1.00000	23.87
2209	3	1.00133	15.52
2210	3	1.00133	11.07
2211	3	1.00000	14.45
2212	3	1.00133	17.21
2213	3	1.00133	10.67
2214	3	1.00000	13.91
2215	3	1.00133	21.42
2216	3	1.00133	14.18
2217	3	1.00000	16.24
2218	3	1.00133	27.84
2219	3	1.00133	14.04
2220	3	1.00000	15.49
2221	3	1.00133	18.28
2222	3	1.00133	16.48
2223	3	1.00000	21.52
2224	3	1.00133	12.46
2225	3	1.00133	12.31
2226	3	1.00000	13.05
2227	3	1.00133	15.62
2228	3	1.00133	12.89
2229	3	1.00000	11.77
2230	3	1.00133	18.33
2231	3	1.00133	12.09
2232	3	1.00000	11.50
2233	3	1.00133	10.47
2234	3	1.00133	20.30
2235	3	1.00000	11.90
2236	3	1.00133	10.55
2237	3	1.00133	14.67
2238	3	1.00000	15.70
2239	3	1.00133	11.62
2240	3	1.00133	10.61
2241	3	1.00000	14.32
2242	3	1.00133	13.14
2243	3	1.00133	13.06
2244	3	1.00000	10.63
2245	3	1.00133	14.15
2246	3	1.00133	13.10
2247	3	1.00000	13.44
2248	3	1.00133	11.80
2249	3	1.00133	16.03
2250	3	1.00000	10.75
2251	3	1.00133	10.97
2252	3	1.00133	11.48
2253	3	1.00000	15.46
2254	3	1.00133	11.73
2255	3	1.00133	10.82
2256	3	1.00000	12.11
2257	3	1.00133	17.15
2258	3	1.00133	13.30
2259	3	1.00000	16.05
2260	3	1.00133	20.63
2261	3	1.00133	13.21
2262	3	1.00000	14.17
2263	3	1.00133	18.39
2264	3	1.00133	12.17
2265	3	1.00000	13.62
2266	3	1.00133	14.54
2267	3	1.00133	15.54
2268	3	1.00000	12.87
2269	3	1.00133	12.08
2270	3	1.00133	17.65
2271	3	1.00000	12.53
2272	3	1.00133	12.25
2273	3	1.00133	12.16
2274	3	1.00000	15.66
2275	3	1.00133	14.40
2276	3	1.00133	12.20
2277	3	1.00000	11.29
2278	3	1.00133	11.63
2279	3	1.00133	10.98
2280	3	1.00000	12.46
2281	3	1.00133	11.28
2282	3	1.00133	13.19
2283	3	1.00000	11.98
2284	3	1.00133	10.90
2285	3	1.00133	13.15
2286	3	1.00000	12.41
2287	3	1.00133	11.92
2288	3	1.00133	11.58
2289	3	1.00000	12.39
2290	3	1.00133	15.24
2291	3	1.00133	12.43
2292	3	1.00000	10.99
2293	3	1.00133	15.18
2294	3	1.00133	16.06
2295	3	1.00000	13.85
2296	3	1.00133	13.27
2297	3	1.00133	18.68
2298	3	1.00000	12.89
2299	3	1.00133	13.41
2300	3	1.00133	18.78
2301	3	1.00000	13.49
2302	3	1.00133	11.75
2303	3	1.00133	12.22
2304	3	1.00000	16.15
2305	3	1.00133	12.23
2306	3	1.00133	11.10
2307	3	1.00000	12.03
2308	3	1.00133	11.13
2309	3	1.00133	13.96
2310	3	1.00000	16.04
2311	3	1.00133	13.51
2312	3	1.00133	12.55
2313	3	1.00000	12.88
2314	3	1.00133	14.12
2315	3	1.00133	11.82
2316	3	1.00000	11.31
2317	3	1.00133	13.43
2318	3	1.00133	12.39
2319	3	1.00000	11.07
2320	3	1.00133	11.76
2321	3	1.00133	13.66
2322	3	1.00000	11.44
2323	3	1.00133	11.78
2324	3	1.00133	13.00
2325	3	1.00000	11.70
2326	3	1.00133	11.57
2327	3	1.00133	15.52
2328	3	1.00000	19.39
2329	3	1.00133	16.10
2330	3	1.00133	16.22
2331	3	1.00000	14.21
2332	3	1.00133	12.79
2333	3	1.00133	11.97
2334	3	1.00000	11.50
2335	3	1.00133	11.49
2336	3	1.00133	13.65
2337	3	1.00000	14.64
2338	3	1.00133	16.41
2339	3	1.00133	17.08
2340	3	1.00000	16.02
2341	3	1.00133	12.42
2342	3	1.00133	11.93
2343	3	1.00000	11.90
2344	3	1.00133	15.52
2345	3	1.00133	17.92
2346	3	1.00000	19.39
2347	3	1.00133	12.52
2348	3	1.00133	12.29
2349	3	1.00000	11.67
2350	3	1.00133	12.30
2351	3	1.00133	13.45
2352	3	1.00000	13.38
2353	3	1.00133	11.34
2354	3	1.00133	12.70
2355	3	1.00000	12.46
2356	3	1.00133	11.16
2357	3	1.00133	11.47
2358	3	1.00000	11.25
2359	3	1.00133	12.55
2360	3	1.00133	11.32
2361	3	1.00000	12.07
2362	3	1.00133	11.31
2363	3	1.00133	12.02
2364	3	1.00000	11.27
2365	3	1.00133	11.78
2366	3	1.00133	11.29
2367	3	1.00000	13.15
2368	3	1.00133	12.77
2369	3	1.00133	12.77
2370	3	1.00000	11.33
2371	3	1.00133	13.82
2372	3	1.00133	13.44
2373	3	1.00000	17.93
2374	3	1.00133	12.92
2375	3	1.00133	13.51
2376	3	1.00000	12.98
2377	3	1.00133	12.36
2378	3	1.00133	12.37
2379	3	1.00000	11.89
2380	3	1.00133	13.09
2381	3	1.00133	15.74
2382	3	1.00000	21.81
2383	3	1.00133	14.75
2384	3	1.00133	15.85
2385	3	1.00000	17.09
2386	3	1.00133	11.81
2387	3	1.00133	13.11
2388	3	1.00000	14.80
2389	3	1.00133	18.75
2390	3	1.00133	18.13
2391	3	1.00000	13.93
2392	3	1.00133	12.63
2393	3	1.00133	14.47
2394	3	1.00000	13.54
2395	3	1.00133	11.89
2396	3	1.00133	12.29
2397	3	1.00000	12.89
2398	3	1.00133	11.59
2399	3	1.00133	13.49
2400	3	1.00000	13.74
2401	3	1.00133	12.55
2402	3	1.00133	11.80
2403	3	1.00000	13.78
2404	3	1.00133	12.03
2405	3	1.00133	11.79
2406	3	1.00000	15.08
2407	3	1.00133	16.42
2408	3	1.00133	12.63
2409	3	1.00000	14.46
2410	3	1.00133	16.60
2411	3	1.00133	11.86
2412	3	1.00000	11.97
2413	3	1.00133	11.71
2414	3	1.00133	15.17
2415	3	1.00000	11.61
2416	3	1.00133	11.91
2417	3	1.00133	11.60
2418	3	1.00000	11.72
2419	3	1.00133	11.53
2420	3	1.00133	12.86
2421	3	1.00000	11.77
2422	3	1.00133	13.00
2423	3	1.00133	12.05
2424	3	1.00000	12.20
2425	3	1.00133	12.22
2426	3	1.00133	11.99
2427	3	1.00000	15.54
2428	3	1.00133	13.03
2429	3	1.00133	13.25
2430	3	1.00000	12.87
2431	3	1.00133	12.82
2432	3	1.00133	20.52
2433	3	1.00000	16.42
2434	3	1.00133	16.16
2435	3	1.00133	14.52
2436	3	1.00000	12.41
2437	3	1.00133	12.47
2438	3	1.00133	12.99
2439	3	1.00000	14.52
2440	3	1.00133	11.84
2441	3	1.00133	14.48
2442	3	1.00000	11.88
2443	3	1.00133	15.28
2444	3	1.00133	19.41
2445	3	1.00000	16.86
2446	3	1.00133	16.60
2447	3	1.00133	13.77
2448	3	1.00000	13.03
2449	3	1.00133	13.50
2450	3	1.00133	12.31
2451	3	1.00000	12.13
2452	3	1.00133	13.11
2453	3	1.00133	13.09
2454	3	1.00000	13.54
2455	3	1.00133	20.40
2456	3	1.00133	23.59
2457	3	1.00000	16.05
2458	3	1.00133	15.84
2459	3	1.00133	16.85
2460	3	1.00000	17.44
2461	3	1.00133	18.16
2462	3	1.00133	13.55
2463	3	1.00000	15.50
2464	3	1.00133	19.97
2465	3	1.00133	19.62
2466	3	1.00000	13.28
2467	3	1.00133	13.44
2468	3	1.00133	15.92
2469	3	1.00000	18.81
2470	3	1.00133	19.08
2471	3	1.00133	15.93
2472	3	1.00000	12.91
2473	3	1.00133	12.09
2474	3	1.00133	15.01
2475	3	1.00000	12.61
2476	3	1.00133	17.58
2477	3	1.00133	14.75
2478	3	1.00000	13.59
2479	3	1.00133	13.22
2480	3	1.00133	12.58
2481	3	1.00000	12.39
2482	3	1.00133	12.07
2483	3	1.00133	12.40
2484	3	1.00000	13.07
2485	3	1.00133	12.70
2486	3	1.00133	15.37
2487	3	1.00000	16.66
2488	3	1.00133	17.96
2489	3	1.00133	18.41
2490	3	1.00000	18.59
2491	3	1.00133	13.19
2492	3	1.00133	14.42
2493	3	1.00000	12.60
2494	3	1.00133	12.18
2495	3	1.00133	14.17
2496	3	1.00000	15.41
2497	3	1.00133	12.94
2498	3	1.00133	12.37
2499	3	1.00000	13.82
2500	3	1.00133	18.89
2501	3	1.00133	16.71
2502	3	1.00000	13.91
2503	3	1.00133	13.01
2504	3	1.00133	13.36
2505	3	1.00000	15.46
2506	3	1.00133	20.50
2507	3	1.00133	21.61
2508	3	1.00000	12.80
2509	3	1.00133	15.81
2510	3	1.00133	13.55
2511	3	1.00000	14.81
2512	3	1.00133	12.59
2513	3	1.00133	14.28
2514	3	1.00000	14.70
2515	3	1.00133	15.08
2516	3	1.00133	13.31
2517	3	1.00000	13.24
2518	3	1.00133	13.94
2519	3	1.00133	19.47
2520	3	1.00000	13.55
2521	3	1.00133	14.51
2522	3	1.00133	14.49
2523	3	1.00000	13.35
2524	3	1.00133	12.52
2525	3	1.00133	14.14
2526	3	1.00000	14.43
2527	3	1.00133	13.82
2528	3	1.00133	13.04
2529	3	1.00000	14.54
2530	3	1.00133	13.73
2531	3	1.00133	15.19
2532	3	1.00000	18.02
2533	3	1.00133	18.50
2534	3	1.00133	17.50
2535	3	1.00000	13.12
2536	3	1.00133	15.57
2537	3	1.00133	13.81
2538	3	1.00000	15.17
2539	3	1.00133	17.50
2540	3	1.00133	19.52
2541	3	1.00000	17.95
2542	3	1.00133	13.18
2543	3	1.00133	13.25
2544	3	1.00000	16.38
2545	3	1.00133	17.16
2546	3	1.00133	18.20
2547	3	1.00000	17.32
2548	3	1.00133	16.10
2549	3	1.00133	12.94
2550	3	1.00000	13.02
2551	3	1.00133	12.75
2552	3	1.00133	14.23
2553	3	1.00000	13.45
2554	3	1.00133	12.38
2555	3	1.00133	12.94
2556	3	1.00000	15.44
2557	3	1.00133	17.12
2558	3	1.00133	18.30
2559	3	1.00000	16.81
2560	3	1.00133	18.33
2561	3	1.00133	15.39
2562	3	1.00000	13.52
2563	3	1.00133	13.05
2564	3	1.00133	15.26
2565	3	1.00000	13.87
2566	3	1.00133	12.58
2567	3	1.00133	14.67
2568	3	1.00000	14.67
2569	3	1.00133	12.58
2570	3	1.00133	13.06
2571	3	1.00000	15.01
2572	3	1.00133	15.73
2573	3	1.00133	13.09
2574	3	1.00000	13.07
2575	3	1.00133	14.05
2576	3	1.00133	12.48
2577	3	1.00000	13.53
2578	3	1.00133	14.97
2579	3	1.00133	12.43
2580	3	1.00000	12.63
2581	3	1.00133	12.80
2582	3	1.00133	12.55
2583	3	1.00000	15.85
2584	3	1.00133	18.30
2585	3	1.00133	15.11
2586	3	1.00000	13.83
2587	3	1.00133	16.59
2588	3	1.00133	20.34
2589	3	1.00000	18.22
2590	3	1.00133	14.17
2591	3	1.00133	14.47
2592	3	1.00000	15.97
2593	3	1.00133	13.34
2594	3	1.00133	15.56
2595	3	1.00000	16.34
2596	3	1.00133	15.55
2597	3	1.00133	15.54
2598	3	1.00000	18.37
2599	3	1.00133	18.23
2600	3	1.00133	17.67
2601	3	1.00000	18.34
2602	3	1.00133	15.78
2603	3	1.00133	16.76
2604	3	1.00000	14.68
2605	3	1.00133	14.49
2606	3	1.00133	13.10
2607	3	1.00000	15.09
2608	3	1.00133	12.84
2609	3	1.00133	15.30
2610	3	1.00000	16.91
2611	3	1.00133	20.37
2612	3	1.00133	17.23
2613	3	1.00000	15.03
2614	3	1.00133	14.05
2615	3	1.00133	14.23
2616	3	1.00000	17.40
2617	3	1.00133	21.15
2618	3	1.00133	18.79
2619	3	1.00000	14.63
2620	3	1.00133	14.26
2621	3	1.00133	15.64
2622	3	1.00000	18.83
2623	3	1.00133	18.34
2624	3	1.00133	17.61
2625	3	1.00000	14.09
2626	3	1.00133	13.12
2627	3	1.00133	13.99
2628	3	1.00000	15.47
2629	3	1.00133	12.97
2630	3	1.00133	13.93
2631	3	1.00000	13.34
2632	3	1.00133	13.96
2633	3	1.00133	16.63
2634	3	1.00000	14.74
2635	3	1.00133	17.56
2636	3	1.00133	14.20
2637	3	1.00000	14.31
2638	3	1.00133	13.66
2639	3	1.00133	12.75
2640	3	1.00000	14.12
2641	3	1.00133	14.06
2642	3	1.00133	13.51
2643	3	1.00000	15.24
2644	3	1.00133	12.86
2645	3	1.00133	13.09
2646	3	1.00000	14.77
2647	3	1.00133	15.39
2648	3	1.00133	15.36
2649	3	1.00000	13.15
2650	3	1.00133	15.44
2651	3	1.00133	14.14
2652	3	1.00000	14.48
2653	3	1.00133	18.73
2654	3	1.00133	15.91
2655	3	1.00000	14.88
2656	3	1.00133	13.71
2657	3	1.00133	14.92
2658	3	1.00000	14.53
2659	3	1.00133	13.71
2660	3	1.00133	14.30
2661	3	1.00000	13.14
2662	3	1.00133	13.65
2663	3	1.00133	13.86
2664	3	1.00000	14.39
2665	3	1.00133	13.09
2666	3	1.00133	12.80
2667	3	1.00000	14.27
2668	3	1.00133	13.21
2669	3	1.00133	13.24
2670	3	1.00000	13.35
2671	3	1.00133	13.16
2672	3	1.00133	12.92
2673	3	1.00000	13.99
2674	3	1.00133	14.48
2675	3	1.00133	12.89
2676	3	1.00000	12.88
2677	3	1.00133	13.28
2678	3	1.00133	12.88
2679	3	1.00000	13.05
2680	3	1.00133	13.03
2681	3	1.00133	13.08
2682	3	1.00000	13.04
2683	3	1.00133	13.45
2684	3	1.00133	21.70
2685	3	1.00000	14.38
2686	3	1.00133	12.94
2687	3	1.00133	18.93
2688	3	1.00000	16.92
2689	3	1.00133	13.15
2690	3	1.00133	18.65
2691	3	1.00000	16.92
2692	3	1.00133	15.42
2693	3	1.00133	20.81
2694	3	1.00000	14.96
2695	3	1.00133	17.25
2696	3	1.00133	26.09
2697	3	1.00000	20.35
2698	3	1.00133	23.49
2699	3	1.00133	15.19
2700	3	1.00000	14.03
2701	3	1.00133	23.11
2702	3	1.00133	15.36
2703	3	1.00000	18.00
2704	3	1.00133	21.67
2705	3	1.00133	28.51
2706	3	1.00000	23.13
2707	3	1.00133	16.37
2708	3	1.00133	26.34
2709	3	1.00000	22.42
2710	3	1.00133	17.65
2711	3	1.00133	13.43
2712	3	1.00000	13.60
2713	3	1.00133	14.78
2714	3	1.00133	13.60
2715	3	1.00000	13.85
2716	3	1.00133	13.18
2717	3	1.00133	14.99
2718	3	1.00000	13.88
2719	3	1.00133	13.98
2720	3	1.00133	13.79
2721	3	1.00000	13.32
2722	3	1.00133	13.21
2723	3	1.00133	13.05
2724	3	1.00000	14.59
2725	3	1.00133	13.23
2726	3	1.00133	13.09
2727	3	1.00000	16.19
2728	3	1.00133	13.13
2729	3	1.00133	15.49
2730	3	1.00000	13.83
2731	3	1.00133	14.36
2732	3	1.00133	13.32
2733	3	1.00000	15.15
2734	3	1.00133	19.51
2735	3	1.00133	20.08
2736	3	1.00000	13.88
2737	3	1.00133	14.90
2738	3	1.00133	16.21
2739	3	1.00000	13.57
2740	3	1.00133	14.65
2741	3	1.00133	14.18
2742	3	1.00000	15.58
2743	3	1.00133	19.49
2744	3	1.00133	18.86
2745	3	1.00000	15.17
2746	3	1.00133	16.16
2747	3	1.00133	14.64
2748	3	1.00000	16.55
2749	3	1.00133	14.97
2750	3	1.00133	16.55
2751	3	1.00000	14.21
2752	3	1.00133	16.94
2753	3	1.00133	15.83
2754	3	1.00000	16.76
2755	3	1.00133	16.80
2756	3	1.00133	16.20
2757	3	1.00000	19.26
2758	3	1.00133	19.03
2759	3	1.00133	17.59
2760	3	1.00000	17.70
2761	3	1.00133	23.83
2762	3	1.00133	15.35
2763	3	1.00000	15.49
2764	3	1.00133	16.76
2765	3	1.00133	13.42
2766	3	1.00000	13.56
2767	3	1.00133	14.14
2768	3	1.00133	13.65
2769	3	1.00000	13.51
2770	3	1.00133	15.18
2771	3	1.00133	14.40
2772	3	1.00000	14.52
2773	3	1.00133	14.24
2774	3	1.00133	13.47
2775	3	1.00000	14.74
2776	3	1.00133	13.63
2777	3	1.00133	13.71
2778	3	1.00000	16.47
2779	3	1.00133	13.81
2780	3	1.00133	15.27
2781	3	1.00000	14.03
2782	3	1.00133	13.53
2783	3	1.00133	18.77
2784	3	1.00000	17.17
2785	3	1.00133	13.89
2786	3	1.00133	16.76
2787	3	1.00000	14.32
2788	3	1.00133	18.00
2789	3	1.00133	14.38
2790	3	1.00000	13.69
2791	3	1.00133	13.41
2792	3	1.00133	15.88
2793	3	1.00000	14.49
2794	3	1.00133	14.44
2795	3	1.00133	13.98
2796	3	1.00000	14.35
2797	3	1.00133	14.84
2798	3	1.00133	16.18
2799	3	1.00000	20.89
2800	3	1.00133	18.96
2801	3	1.00133	18.75
2802	3	1.00000	16.71
2803	3	1.00133	15.20
2804	3	1.00133	14.31
2805	3	1.00000	14.94
2806	3	1.00133	15.95
2807	3	1.00133	16.45
2808	3	1.00000	13.56
2809	3	1.00133	14.50
2810	3	1.00133	21.76
2811	3	1.00000	18.73
2812	3	1.00133	18.30
2813	3	1.00133	20.28
2814	3	1.00000	20.38
2815	3	1.00133	16.89
2816	3	1.00133	16.16
2817	3	1.00000	16.03
2818	3	1.00133	15.85
2819	3	1.00133	14.77
2820	3	1.00000	15.50
2821	3	1.00133	17.85
2822	3	1.00133	20.66
2823	3	1.00000	28.82
2824	3	1.00133	17.00
2825	3	1.00133	14.32
2826	3	1.00000	15.55
2827	3	1.00133	18.53
2828	3	1.00133	22.09
2829	3	1.00000	17.85
2830	3	1.00133	15.39
2831	3	1.00133	14.03
2832	3	1.00000	14.87
2833	3	1.00133	20.48
2834	3	1.00133	19.47
2835	3	1.00000	14.72
2836	3	1.00133	17.77
2837	3	1.00133	20.48
2838	3	1.00000	22.78
2839	3	1.00133	21.59
2840	3	1.00133	19.04
2841	3	1.00000	17.85
2842	3	1.00133	16.04
2843	3	1.00133	15.19
2844	3	1.00000	18.38
2845	3	1.00133	14.37
2846	3	1.00133	14.05
2847	3	1.00000	15.00
2848	3	1.00133	17.66
2849	3	1.00133	14.50
2850	3	1.00000	14.20
2851	3	1.00133	15.53
2852	3	1.00133	14.08
2853	3	1.00000	18.33
2854	3	1.00133	15.81
2855	3	1.00133	14.89
2856	3	1.00000	14.24
2857	3	1.00133	17.07
2858	3	1.00133	15.43
2859	3	1.00000	16.31
2860	3	1.00133	14.64
2861	3	1.00133	14.30
2862	3	1.00000	13.90
2863	3	1.00133	14.96
2864	3	1.00133	15.74
2865	3	1.00000	14.84
2866	3	1.00133	14.83
2867	3	1.00133	16.15
2868	3	1.00000	16.38
2869	3	1.00133	16.54
2870	3	1.00133	14.09
2871	3	1.00000	17.16
2872	3	1.00133	14.67
2873	3	1.00133	14.36
2874	3	1.00000	20.84
2875	3	1.00133	20.94
2876	3	1.00133	19.96
2877	3	1.00000	15.56
2878	3	1.00133	16.20
2879	3	1.00133	15.37
2880	3	1.00000	14.71
2881	3	1.00133	14.77
2882	3	1.00133	15.34
2883	3	1.00000	15.49
2884	3	1.00133	14.11
2885	3	1.00133	14.20
2886	3	1.00000	17.76
2887	3	1.00133	18.21
2888	3	1.00133	24.86
2889	3	1.00000	20.32
2890	3	1.00133	16.82
2891	3	1.00133	14.57
2892	3	1.00000	15.13
2893	3	1.00133	14.10
2894	3	1.00133	15.03
2895	3	1.00000	13.98
2896	3	1.00133	19.00
2897	3	1.00133	24.78
2898	3	1.00000	22.27
2899	3	1.00133	20.52
2900	3	1.00133	16.40
2901	3	1.00000	14.90
2902	3	1.00133	14.52
2903	3	1.00133	15.31
2904	3	1.00000	18.91
2905	3	1.00133	15.25
2906	3	1.00133	19.87
2907	3	1.00000	21.19
2908	3	1.00133	21.10
2909	3	1.00133	16.02
2910	3	1.00000	15.29
2911	3	1.00133	15.09
2912	3	1.00133	14.11
2913	3	1.00000	15.11
2914	3	1.00133	15.70
2915	3	1.00133	14.91
2916	3	1.00000	14.23
2917	3	1.00133	17.65
2918	3	1.00133	14.95
2919	3	1.00000	15.09
2920	3	1.00133	15.62
2921	3	1.00133	14.53
2922	3	1.00000	14.49
2923	3	1.00133	15.03
2924	3	1.00133	15.15
2925	3	1.00000	16.08
2926	3	1.00133	16.03
2927	3	1.00133	14.14
2928	3	1.00000	14.91
2929	3	1.00133	15.14
2930	3	1.00133	14.29
2931	3	1.00000	17.97
2932	3	1.00133	19.74
2933	3	1.00133	16.14
2934	3	1.00000	15.84
2935	3	1.00133	17.66
2936	3	1.00133	15.59
2937	3	1.00000	14.79
2938	3	1.00133	15.42
2939	3	1.00133	15.92
2940	3	1.00000	18.31
2941	3	1.00133	21.47
2942	3	1.00133	17.46
2943	3	1.00000	17.18
2944	3	1.00133	17.41
2945	3	1.00133	15.13
2946	3	1.00000	14.89
2947	3	1.00133	14.42
2948	3	1.00133	15.24
2949	3	1.00000	14.19
2950	3	1.00133	14.24
2951	3	1.00133	17.80
2952	3	1.00000	20.70
2953	3	1.00133	20.65
2954	3	1.00133	20.60
2955	3	1.00000	16.82
2956	3	1.00133	16.45
2957	3	1.00133	22.62
2958	3	1.00000	22.15
2959	3	1.00133	15.09
2960	3	1.00133	16.39
2961	3	1.00000	20.11
2962	3	1.00133	22.54
2963	3	1.00133	22.19
2964	3	1.00000	15.69
2965	3	1.00133	15.90
2966	3	1.00133	17.12
2967	3	1.00000	15.54
2968	3	1.00133	15.09
2969	3	1.00133	16.21
2970	3	1.00000	15.48
2971	3	1.00133	15.82
2972	3	1.00133	21.40
2973	3	1.00000	21.60
2974	3	1.00133	17.51
2975	3	1.00133	16.92
2976	3	1.00000	15.51
2977	3	1.00133	15.49
2978	3	1.00133	17.55
2979	3	1.00000	15.58
2980	3	1.00133	14.54
2981	3	1.00133	18.15
2982	3	1.00000	23.44
2983	3	1.00133	20.51
2984	3	1.00133	16.64
2985	3	1.00000	21.48
2986	3	1.00133	22.49
2987	3	1.00133	16.75
2988	3	1.00000	16.47
2989	3	1.00133	17.24
2990	3	1.00133	14.71
2991	3	1.00000	16.59
2992	3	1.00133	17.99
2993	3	1.00133	15.71
2994	3	1.00000	14.61
2995	3	1.00133	14.36
2996	3	1.00133	19.29
2997	3	1.00000	22.86
2998	3	1.00133	17.16
2999	3	1.00133	15.23
3000	3	1.00000	15.74
3001	3	1.00133	15.78
3002	3	1.00133	16.07
